120 7140
1 96 18
1 18 106
1 106 104
1 104 94
1 94 39
1 39 24
1 24 59
1 59 64
1 64 52
1 52 93
1 93 36
1 36 102
1 102 3
1 3 74
1 74 108
1 108 30
1 30 67
1 67 65
1 65 27
1 27 66
1 66 19
1 19 31
1 31 100
1 100 83
1 83 41
1 41 20
1 20 97
1 97 105
1 105 68
1 68 101
1 101 98
1 98 110
1 110 84
1 84 87
1 87 47
1 47 55
1 55 7
1 7 78
1 78 42
1 42 89
1 89 90
1 90 109
1 109 117
1 117 118
1 118 72
1 72 45
1 45 49
1 49 26
1 26 53
1 53 5
1 5 9
1 9 71
1 71 63
1 63 69
1 69 119
1 119 22
1 22 115
1 115 70
1 70 120
1 120 103
1 103 113
1 113 35
1 35 12
1 12 46
1 46 14
1 14 58
1 58 11
1 11 86
1 86 112
1 112 2
1 2 111
1 111 48
1 48 79
1 79 91
1 91 32
1 32 33
1 33 76
1 76 54
1 54 60
1 60 34
1 34 38
1 38 10
1 10 73
1 73 80
1 80 95
1 95 88
1 88 77
1 77 4
1 4 75
1 75 23
1 23 8
1 8 107
1 107 81
1 81 28
1 28 82
1 82 15
1 15 51
1 51 43
1 43 37
1 37 29
1 29 44
1 44 62
1 62 17
1 17 50
1 50 57
1 57 114
1 114 13
1 13 1
1 1 85
1 85 116
1 116 56
1 56 21
1 21 61
1 61 40
1 40 92
1 92 99
1 99 6
1 6 25
1 25 16
1 16 96
1 1 2
1 1 3
2 1 4
1 1 5
1 1 6
2 1 7
2 1 8
1 1 9
1 1 10
2 1 11
2 1 12
2 1 14
2 1 15
1 1 16
1 1 17
1 1 18
1 1 19
2 1 20
1 1 21
2 1 22
1 1 23
1 1 24
1 1 25
2 1 26
2 1 27
1 1 28
2 1 29
2 1 30
1 1 31
2 1 32
2 1 33
1 1 34
1 1 35
1 1 36
1 1 37
1 1 38
2 1 39
1 1 40
2 1 41
1 1 42
2 1 43
1 1 44
2 1 45
2 1 46
1 1 47
2 1 48
1 1 49
1 1 50
1 1 51
2 1 52
2 1 53
1 1 54
1 1 55
2 1 56
1 1 57
1 1 58
2 1 59
2 1 60
2 1 61
1 1 62
2 1 63
2 1 64
1 1 65
2 1 66
1 1 67
2 1 68
1 1 69
1 1 70
1 1 71
2 1 72
1 1 73
2 1 74
2 1 75
1 1 76
2 1 77
1 1 78
1 1 79
1 1 80
2 1 81
1 1 82
2 1 83
1 1 84
2 1 86
2 1 87
1 1 88
1 1 89
1 1 90
1 1 91
1 1 92
2 1 93
2 1 94
1 1 95
2 1 96
2 1 97
1 1 98
2 1 99
2 1 100
1 1 101
1 1 102
1 1 103
1 1 104
2 1 105
2 1 106
1 1 107
2 1 108
2 1 109
1 1 110
2 1 111
2 1 112
1 1 113
1 1 114
1 1 115
2 1 116
1 1 117
1 1 118
2 1 119
1 1 120
2 2 3
2 2 4
1 2 5
2 2 6
2 2 7
2 2 8
1 2 9
1 2 10
2 2 11
1 2 12
1 2 13
1 2 14
2 2 15
1 2 16
2 2 17
1 2 18
1 2 19
1 2 20
1 2 21
1 2 22
2 2 23
1 2 24
1 2 25
2 2 26
1 2 27
1 2 28
2 2 29
2 2 30
1 2 31
2 2 32
1 2 33
1 2 34
2 2 35
1 2 36
1 2 37
2 2 38
1 2 39
1 2 40
2 2 41
2 2 42
1 2 43
1 2 44
1 2 45
1 2 46
1 2 47
1 2 48
2 2 49
2 2 50
1 2 51
1 2 52
2 2 53
1 2 54
1 2 55
2 2 56
2 2 57
1 2 58
2 2 59
1 2 60
1 2 61
1 2 62
1 2 63
2 2 64
2 2 65
1 2 66
2 2 67
2 2 68
2 2 69
2 2 70
2 2 71
1 2 72
2 2 73
2 2 74
2 2 75
2 2 76
2 2 77
2 2 78
1 2 79
2 2 80
2 2 81
2 2 82
1 2 83
1 2 84
2 2 85
2 2 86
1 2 87
1 2 88
1 2 89
1 2 90
1 2 91
1 2 92
1 2 93
1 2 94
1 2 95
2 2 96
2 2 97
1 2 98
2 2 99
2 2 100
2 2 101
1 2 102
1 2 103
2 2 104
1 2 105
2 2 106
1 2 107
1 2 108
2 2 109
2 2 110
1 2 113
1 2 114
2 2 115
2 2 116
2 2 117
1 2 118
2 2 119
1 2 120
2 3 4
2 3 5
2 3 6
1 3 7
2 3 8
1 3 9
2 3 10
2 3 11
2 3 12
2 3 13
1 3 14
1 3 15
2 3 16
1 3 17
1 3 18
2 3 19
2 3 20
1 3 21
1 3 22
2 3 23
1 3 24
2 3 25
1 3 26
2 3 27
2 3 28
1 3 29
1 3 30
1 3 31
1 3 32
2 3 33
1 3 34
2 3 35
2 3 36
1 3 37
1 3 38
1 3 39
1 3 40
1 3 41
2 3 42
2 3 43
1 3 44
1 3 45
1 3 46
2 3 47
1 3 48
2 3 49
2 3 50
1 3 51
2 3 52
2 3 53
1 3 54
1 3 55
2 3 56
1 3 57
1 3 58
2 3 59
2 3 60
2 3 61
2 3 62
2 3 63
1 3 64
1 3 65
2 3 66
2 3 67
2 3 68
2 3 69
1 3 70
2 3 71
2 3 72
1 3 73
2 3 75
2 3 76
1 3 77
1 3 78
2 3 79
2 3 80
1 3 81
2 3 82
1 3 83
1 3 84
1 3 85
2 3 86
1 3 87
1 3 88
2 3 89
1 3 90
1 3 91
1 3 92
2 3 93
2 3 94
1 3 95
2 3 96
2 3 97
2 3 98
2 3 99
1 3 100
2 3 101
2 3 103
2 3 104
2 3 105
2 3 106
1 3 107
2 3 108
1 3 109
1 3 110
2 3 111
1 3 112
1 3 113
2 3 114
1 3 115
1 3 116
2 3 117
1 3 118
1 3 119
2 3 120
2 4 5
1 4 6
1 4 7
1 4 8
2 4 9
1 4 10
1 4 11
2 4 12
1 4 13
2 4 14
1 4 15
2 4 16
2 4 17
2 4 18
1 4 19
2 4 20
2 4 21
2 4 22
1 4 23
1 4 24
2 4 25
1 4 26
1 4 27
2 4 28
2 4 29
2 4 30
1 4 31
2 4 32
2 4 33
2 4 34
2 4 35
1 4 36
2 4 37
2 4 38
2 4 39
2 4 40
1 4 41
2 4 42
2 4 43
2 4 44
1 4 45
2 4 46
1 4 47
2 4 48
1 4 49
2 4 50
1 4 51
2 4 52
2 4 53
2 4 54
2 4 55
1 4 56
1 4 57
1 4 58
1 4 59
1 4 60
1 4 61
1 4 62
1 4 63
1 4 64
1 4 65
2 4 66
1 4 67
2 4 68
1 4 69
1 4 70
1 4 71
1 4 72
1 4 73
2 4 74
1 4 76
1 4 78
2 4 79
1 4 80
1 4 81
1 4 82
1 4 83
1 4 84
1 4 85
2 4 86
2 4 87
2 4 88
2 4 89
1 4 90
2 4 91
2 4 92
2 4 93
1 4 94
1 4 95
2 4 96
2 4 97
2 4 98
2 4 99
2 4 100
2 4 101
2 4 102
2 4 103
2 4 104
2 4 105
1 4 106
2 4 107
2 4 108
2 4 109
1 4 110
2 4 111
2 4 112
2 4 113
1 4 114
2 4 115
1 4 116
1 4 117
1 4 118
2 4 119
1 4 120
2 5 6
1 5 7
1 5 8
1 5 10
1 5 11
1 5 12
1 5 13
2 5 14
2 5 15
1 5 16
2 5 17
2 5 18
2 5 19
1 5 20
2 5 21
1 5 22
1 5 23
1 5 24
1 5 25
2 5 26
1 5 27
2 5 28
2 5 29
1 5 30
2 5 31
2 5 32
2 5 33
1 5 34
2 5 35
1 5 36
2 5 37
1 5 38
2 5 39
1 5 40
2 5 41
1 5 42
1 5 43
1 5 44
2 5 45
1 5 46
1 5 47
2 5 48
2 5 49
1 5 50
1 5 51
2 5 52
1 5 54
2 5 55
2 5 56
2 5 57
2 5 58
2 5 59
1 5 60
2 5 61
2 5 62
2 5 63
1 5 64
2 5 65
1 5 66
1 5 67
1 5 68
2 5 69
1 5 70
1 5 71
2 5 72
2 5 73
1 5 74
1 5 75
2 5 76
2 5 77
1 5 78
2 5 79
1 5 80
2 5 81
2 5 82
1 5 83
1 5 84
2 5 85
1 5 86
1 5 87
1 5 88
1 5 89
2 5 90
1 5 91
2 5 92
1 5 93
1 5 94
2 5 95
1 5 96
1 5 97
1 5 98
2 5 99
2 5 100
1 5 101
2 5 102
2 5 103
2 5 104
2 5 105
1 5 106
2 5 107
1 5 108
2 5 109
2 5 110
2 5 111
1 5 112
1 5 113
2 5 114
1 5 115
1 5 116
2 5 117
2 5 118
2 5 119
2 5 120
1 6 7
2 6 8
1 6 9
2 6 10
1 6 11
2 6 12
2 6 13
1 6 14
1 6 15
1 6 16
2 6 17
2 6 18
2 6 19
1 6 20
1 6 21
2 6 22
2 6 23
1 6 24
2 6 26
2 6 27
2 6 28
1 6 29
2 6 30
1 6 31
1 6 32
1 6 33
2 6 34
2 6 35
1 6 36
1 6 37
2 6 38
1 6 39
1 6 40
2 6 41
2 6 42
1 6 43
2 6 44
1 6 45
2 6 46
1 6 47
1 6 48
2 6 49
2 6 50
2 6 51
2 6 52
2 6 53
1 6 54
2 6 55
1 6 56
1 6 57
2 6 58
2 6 59
2 6 60
2 6 61
1 6 62
1 6 63
1 6 64
2 6 65
2 6 66
2 6 67
2 6 68
2 6 69
1 6 70
2 6 71
2 6 72
2 6 73
2 6 74
2 6 75
1 6 76
2 6 77
1 6 78
2 6 79
2 6 80
1 6 81
1 6 82
1 6 83
2 6 84
2 6 85
1 6 86
2 6 87
2 6 88
2 6 89
2 6 90
2 6 91
2 6 92
2 6 93
2 6 94
1 6 95
2 6 96
2 6 97
1 6 98
2 6 100
2 6 101
2 6 102
2 6 103
1 6 104
1 6 105
2 6 106
1 6 107
2 6 108
1 6 109
1 6 110
1 6 111
1 6 112
2 6 113
2 6 114
1 6 115
2 6 116
1 6 117
1 6 118
2 6 119
1 6 120
2 7 8
2 7 9
2 7 10
2 7 11
2 7 12
2 7 13
2 7 14
2 7 15
2 7 16
1 7 17
1 7 18
2 7 19
2 7 20
2 7 21
2 7 22
2 7 23
1 7 24
2 7 25
2 7 26
1 7 27
1 7 28
1 7 29
1 7 30
1 7 31
2 7 32
2 7 33
1 7 34
2 7 35
1 7 36
1 7 37
1 7 38
1 7 39
2 7 40
1 7 41
2 7 42
1 7 43
2 7 44
2 7 45
1 7 46
1 7 47
2 7 48
1 7 49
2 7 50
2 7 51
1 7 52
1 7 53
1 7 54
1 7 56
2 7 57
2 7 58
1 7 59
1 7 60
2 7 61
2 7 62
1 7 63
2 7 64
1 7 65
2 7 66
1 7 67
1 7 68
1 7 69
1 7 70
2 7 71
2 7 72
2 7 73
1 7 74
2 7 75
1 7 76
1 7 77
2 7 79
2 7 80
2 7 81
2 7 82
1 7 83
2 7 84
1 7 85
2 7 86
1 7 87
2 7 88
1 7 89
1 7 90
2 7 91
2 7 92
2 7 93
2 7 94
1 7 95
2 7 96
1 7 97
2 7 98
2 7 99
1 7 100
1 7 101
1 7 102
1 7 103
1 7 104
2 7 105
2 7 106
2 7 107
1 7 108
1 7 109
2 7 110
2 7 111
2 7 112
2 7 113
2 7 114
2 7 115
1 7 116
2 7 117
1 7 118
2 7 119
1 7 120
1 8 9
2 8 10
2 8 11
1 8 12
1 8 13
2 8 14
2 8 15
2 8 16
2 8 17
2 8 18
2 8 19
1 8 20
1 8 21
2 8 22
2 8 24
2 8 25
2 8 26
1 8 27
2 8 28
1 8 29
2 8 30
2 8 31
2 8 32
1 8 33
2 8 34
1 8 35
2 8 36
2 8 37
1 8 38
1 8 39
1 8 40
2 8 41
1 8 42
1 8 43
2 8 44
1 8 45
1 8 46
2 8 47
1 8 48
1 8 49
1 8 50
1 8 51
1 8 52
1 8 53
2 8 54
2 8 55
2 8 56
1 8 57
2 8 58
2 8 59
2 8 60
2 8 61
2 8 62
2 8 63
2 8 64
1 8 65
1 8 66
2 8 67
1 8 68
2 8 69
2 8 70
2 8 71
1 8 72
2 8 73
2 8 74
1 8 75
1 8 76
2 8 77
1 8 78
2 8 79
1 8 80
1 8 81
2 8 82
1 8 83
2 8 84
1 8 85
1 8 86
1 8 87
2 8 88
2 8 89
2 8 90
2 8 91
1 8 92
2 8 93
1 8 94
2 8 95
2 8 96
1 8 97
1 8 98
2 8 99
2 8 100
1 8 101
2 8 102
1 8 103
2 8 104
1 8 105
2 8 106
1 8 108
1 8 109
2 8 110
1 8 111
2 8 112
2 8 113
2 8 114
2 8 115
2 8 116
2 8 117
2 8 118
2 8 119
1 8 120
1 9 10
2 9 11
2 9 12
1 9 13
1 9 14
1 9 15
2 9 16
2 9 17
2 9 18
2 9 19
1 9 20
2 9 21
1 9 22
1 9 23
1 9 24
2 9 25
2 9 26
2 9 27
1 9 28
2 9 29
2 9 30
2 9 31
2 9 32
2 9 33
2 9 34
2 9 35
2 9 36
2 9 37
2 9 38
1 9 39
1 9 40
1 9 41
2 9 42
2 9 43
1 9 44
1 9 45
1 9 46
2 9 47
2 9 48
2 9 49
1 9 50
1 9 51
2 9 52
1 9 53
2 9 54
2 9 55
1 9 56
2 9 57
2 9 58
1 9 59
1 9 60
2 9 61
2 9 62
2 9 63
2 9 64
1 9 65
1 9 66
1 9 67
2 9 68
2 9 69
2 9 70
1 9 72
1 9 73
2 9 74
1 9 75
1 9 76
2 9 77
2 9 78
2 9 79
2 9 80
2 9 81
1 9 82
2 9 83
1 9 84
1 9 85
1 9 86
1 9 87
1 9 88
1 9 89
2 9 90
2 9 91
1 9 92
1 9 93
2 9 94
2 9 95
1 9 96
2 9 97
1 9 98
1 9 99
2 9 100
2 9 101
2 9 102
2 9 103
2 9 104
1 9 105
2 9 106
2 9 107
1 9 108
1 9 109
2 9 110
2 9 111
2 9 112
2 9 113
2 9 114
1 9 115
2 9 116
1 9 117
2 9 118
2 9 119
2 9 120
2 10 11
2 10 12
2 10 13
2 10 14
2 10 15
1 10 16
1 10 17
1 10 18
2 10 19
1 10 20
1 10 21
2 10 22
2 10 23
2 10 24
1 10 25
1 10 26
1 10 27
2 10 28
1 10 29
2 10 30
1 10 31
1 10 32
1 10 33
1 10 34
1 10 35
1 10 36
1 10 37
2 10 39
1 10 40
1 10 41
2 10 42
2 10 43
2 10 44
1 10 45
1 10 46
1 10 47
2 10 48
2 10 49
2 10 50
1 10 51
2 10 52
2 10 53
2 10 54
1 10 55
1 10 56
1 10 57
2 10 58
1 10 59
2 10 60
2 10 61
2 10 62
1 10 63
2 10 64
2 10 65
1 10 66
1 10 67
1 10 68
2 10 69
1 10 70
2 10 71
2 10 72
2 10 74
2 10 75
2 10 76
1 10 77
1 10 78
1 10 79
2 10 80
1 10 81
1 10 82
1 10 83
2 10 84
2 10 85
1 10 86
1 10 87
1 10 88
2 10 89
2 10 90
1 10 91
1 10 92
1 10 93
2 10 94
1 10 95
2 10 96
1 10 97
2 10 98
2 10 99
2 10 100
2 10 101
2 10 102
1 10 103
2 10 104
1 10 105
2 10 106
1 10 107
1 10 108
2 10 109
2 10 110
1 10 111
1 10 112
1 10 113
2 10 114
1 10 115
2 10 116
1 10 117
2 10 118
2 10 119
2 10 120
1 11 12
1 11 13
2 11 14
2 11 15
2 11 16
1 11 17
2 11 18
2 11 19
1 11 20
1 11 21
2 11 22
2 11 23
2 11 24
1 11 25
1 11 26
1 11 27
2 11 28
1 11 29
2 11 30
1 11 31
2 11 32
1 11 33
2 11 34
1 11 35
2 11 36
2 11 37
1 11 38
2 11 39
2 11 40
1 11 41
1 11 42
2 11 43
1 11 44
1 11 45
1 11 46
2 11 47
1 11 48
2 11 49
1 11 50
2 11 51
2 11 52
1 11 53
2 11 54
2 11 55
2 11 56
1 11 57
1 11 59
1 11 60
1 11 61
2 11 62
1 11 63
1 11 64
2 11 65
1 11 66
1 11 67
1 11 68
1 11 69
2 11 70
2 11 71
1 11 72
2 11 73
2 11 74
2 11 75
1 11 76
1 11 77
1 11 78
2 11 79
1 11 80
1 11 81
2 11 82
2 11 83
2 11 84
2 11 85
1 11 87
2 11 88
1 11 89
2 11 90
2 11 91
2 11 92
2 11 93
2 11 94
2 11 95
2 11 96
1 11 97
2 11 98
1 11 99
2 11 100
1 11 101
1 11 102
1 11 103
1 11 104
2 11 105
1 11 106
2 11 107
2 11 108
1 11 109
1 11 110
1 11 111
1 11 112
2 11 113
2 11 114
1 11 115
2 11 116
1 11 117
2 11 118
1 11 119
2 11 120
1 12 13
1 12 14
1 12 15
2 12 16
2 12 17
2 12 18
2 12 19
1 12 20
2 12 21
2 12 22
2 12 23
1 12 24
1 12 25
1 12 26
1 12 27
1 12 28
1 12 29
1 12 30
2 12 31
1 12 32
2 12 33
1 12 34
2 12 36
1 12 37
1 12 38
2 12 39
1 12 40
2 12 41
1 12 42
2 12 43
1 12 44
2 12 45
1 12 47
1 12 48
2 12 49
1 12 50
1 12 51
2 12 52
1 12 53
2 12 54
1 12 55
2 12 56
2 12 57
1 12 58
2 12 59
2 12 60
1 12 61
2 12 62
2 12 63
1 12 64
2 12 65
1 12 66
2 12 67
2 12 68
2 12 69
1 12 70
1 12 71
2 12 72
2 12 73
1 12 74
1 12 75
2 12 76
1 12 77
2 12 78
1 12 79
2 12 80
2 12 81
1 12 82
2 12 83
2 12 84
1 12 85
2 12 86
1 12 87
1 12 88
1 12 89
1 12 90
1 12 91
1 12 92
1 12 93
2 12 94
1 12 95
1 12 96
2 12 97
2 12 98
2 12 99
1 12 100
2 12 101
1 12 102
2 12 103
2 12 104
2 12 105
1 12 106
1 12 107
1 12 108
1 12 109
2 12 110
2 12 111
1 12 112
2 12 113
2 12 114
2 12 115
1 12 116
1 12 117
2 12 118
2 12 119
1 12 120
1 13 14
2 13 15
1 13 16
1 13 17
2 13 18
2 13 19
1 13 20
2 13 21
1 13 22
1 13 23
2 13 24
1 13 25
2 13 26
2 13 27
2 13 28
2 13 29
2 13 30
2 13 31
2 13 32
2 13 33
1 13 34
2 13 35
1 13 36
2 13 37
2 13 38
1 13 39
1 13 40
1 13 41
2 13 42
2 13 43
2 13 44
2 13 45
1 13 46
2 13 47
2 13 48
1 13 49
2 13 50
1 13 51
1 13 52
1 13 53
1 13 54
2 13 55
1 13 56
2 13 57
1 13 58
2 13 59
1 13 60
1 13 61
1 13 62
2 13 63
2 13 64
2 13 65
2 13 66
1 13 67
1 13 68
2 13 69
1 13 70
1 13 71
1 13 72
1 13 73
1 13 74
1 13 75
1 13 76
1 13 77
1 13 78
2 13 79
1 13 80
2 13 81
1 13 82
2 13 83
2 13 84
2 13 85
1 13 86
2 13 87
2 13 88
1 13 89
1 13 90
2 13 91
2 13 92
2 13 93
2 13 94
2 13 95
1 13 96
1 13 97
2 13 98
2 13 99
2 13 100
1 13 101
2 13 102
1 13 103
1 13 104
2 13 105
1 13 106
2 13 107
1 13 108
1 13 109
2 13 110
1 13 111
1 13 112
2 13 113
2 13 115
2 13 116
2 13 117
2 13 118
1 13 119
2 13 120
2 14 15
2 14 16
1 14 17
1 14 18
1 14 19
2 14 20
2 14 21
1 14 22
1 14 23
1 14 24
2 14 25
1 14 26
1 14 27
2 14 28
2 14 29
1 14 30
2 14 31
2 14 32
1 14 33
2 14 34
2 14 35
1 14 36
1 14 37
1 14 38
1 14 39
1 14 40
1 14 41
2 14 42
2 14 43
2 14 44
1 14 45
1 14 47
2 14 48
2 14 49
1 14 50
1 14 51
1 14 52
1 14 53
1 14 54
1 14 55
1 14 56
1 14 57
2 14 59
1 14 60
1 14 61
1 14 62
2 14 63
1 14 64
2 14 65
1 14 66
1 14 67
2 14 68
2 14 69
1 14 70
2 14 71
1 14 72
2 14 73
1 14 74
2 14 75
1 14 76
2 14 77
1 14 78
1 14 79
2 14 80
1 14 81
2 14 82
1 14 83
2 14 84
1 14 85
2 14 86
2 14 87
1 14 88
1 14 89
2 14 90
2 14 91
2 14 92
2 14 93
1 14 94
2 14 95
2 14 96
2 14 97
1 14 98
1 14 99
2 14 100
2 14 101
2 14 102
1 14 103
2 14 104
2 14 105
2 14 106
2 14 107
1 14 108
2 14 109
1 14 110
1 14 111
2 14 112
1 14 113
1 14 114
1 14 115
1 14 116
2 14 117
1 14 118
2 14 119
2 14 120
2 15 16
1 15 17
2 15 18
2 15 19
1 15 20
1 15 21
1 15 22
1 15 23
2 15 24
2 15 25
2 15 26
2 15 27
2 15 28
2 15 29
1 15 30
1 15 31
2 15 32
1 15 33
1 15 34
1 15 35
2 15 36
1 15 37
2 15 38
1 15 39
2 15 40
2 15 41
2 15 42
1 15 43
1 15 44
1 15 45
1 15 46
2 15 47
1 15 48
1 15 49
2 15 50
1 15 52
2 15 53
1 15 54
1 15 55
1 15 56
1 15 57
2 15 58
2 15 59
1 15 60
1 15 61
1 15 62
2 15 63
2 15 64
1 15 65
1 15 66
1 15 67
2 15 68
2 15 69
2 15 70
1 15 71
2 15 72
2 15 73
2 15 74
2 15 75
2 15 76
2 15 77
2 15 78
1 15 79
1 15 80
1 15 81
2 15 83
2 15 84
2 15 85
1 15 86
1 15 87
2 15 88
1 15 89
1 15 90
2 15 91
2 15 92
1 15 93
2 15 94
2 15 95
2 15 96
2 15 97
1 15 98
2 15 99
1 15 100
1 15 101
1 15 102
1 15 103
2 15 104
1 15 105
1 15 106
2 15 107
2 15 108
1 15 109
1 15 110
2 15 111
1 15 112
2 15 113
2 15 114
1 15 115
1 15 116
2 15 117
1 15 118
1 15 119
1 15 120
1 16 17
1 16 18
2 16 19
1 16 20
1 16 21
1 16 22
2 16 23
1 16 24
2 16 26
2 16 27
1 16 28
2 16 29
1 16 30
2 16 31
2 16 32
2 16 33
1 16 34
2 16 35
2 16 36
2 16 37
1 16 38
1 16 39
1 16 40
2 16 41
1 16 42
1 16 43
1 16 44
2 16 45
2 16 46
1 16 47
1 16 48
1 16 49
1 16 50
2 16 51
1 16 52
2 16 53
1 16 54
2 16 55
1 16 56
2 16 57
1 16 58
1 16 59
1 16 60
1 16 61
2 16 62
1 16 63
1 16 64
2 16 65
1 16 66
2 16 67
2 16 68
2 16 69
2 16 70
2 16 71
2 16 72
2 16 73
2 16 74
2 16 75
2 16 76
1 16 77
2 16 78
1 16 79
2 16 80
1 16 81
2 16 82
1 16 83
1 16 84
1 16 85
2 16 86
1 16 87
2 16 88
1 16 89
1 16 90
2 16 91
1 16 92
2 16 93
2 16 94
2 16 95
2 16 97
2 16 98
2 16 99
1 16 100
2 16 101
2 16 102
2 16 103
2 16 104
2 16 105
2 16 106
1 16 107
2 16 108
2 16 109
1 16 110
1 16 111
1 16 112
2 16 113
1 16 114
2 16 115
2 16 116
2 16 117
2 16 118
2 16 119
2 16 120
1 17 18
2 17 19
1 17 20
2 17 21
2 17 22
2 17 23
2 17 24
2 17 25
1 17 26
2 17 27
2 17 28
1 17 29
2 17 30
2 17 31
2 17 32
1 17 33
1 17 34
1 17 35
2 17 36
1 17 37
2 17 38
1 17 39
1 17 40
2 17 41
2 17 42
1 17 43
2 17 44
2 17 45
2 17 46
2 17 47
1 17 48
2 17 49
1 17 51
2 17 52
1 17 53
1 17 54
1 17 55
1 17 56
1 17 57
2 17 58
2 17 59
1 17 60
2 17 61
1 17 63
1 17 64
2 17 65
2 17 66
1 17 67
2 17 68
1 17 69
2 17 70
1 17 71
2 17 72
1 17 73
1 17 74
2 17 75
2 17 76
2 17 77
2 17 78
1 17 79
2 17 80
2 17 81
1 17 82
1 17 83
1 17 84
2 17 85
2 17 86
2 17 87
1 17 88
1 17 89
2 17 90
1 17 91
1 17 92
1 17 93
2 17 94
1 17 95
1 17 96
2 17 97
1 17 98
1 17 99
1 17 100
2 17 101
2 17 102
1 17 103
1 17 104
2 17 105
2 17 106
2 17 107
1 17 108
1 17 109
2 17 110
2 17 111
2 17 112
2 17 113
1 17 114
2 17 115
1 17 116
1 17 117
2 17 118
1 17 119
1 17 120
1 18 19
1 18 20
2 18 21
2 18 22
2 18 23
2 18 24
2 18 25
2 18 26
1 18 27
1 18 28
2 18 29
1 18 30
1 18 31
1 18 32
2 18 33
2 18 34
2 18 35
1 18 36
2 18 37
1 18 38
1 18 39
1 18 40
2 18 41
1 18 42
1 18 43
1 18 44
2 18 45
1 18 46
1 18 47
1 18 48
2 18 49
2 18 50
1 18 51
1 18 52
1 18 53
2 18 54
1 18 55
1 18 56
2 18 57
1 18 58
2 18 59
2 18 60
2 18 61
1 18 62
1 18 63
1 18 64
1 18 65
2 18 66
1 18 67
1 18 68
2 18 69
1 18 70
1 18 71
2 18 72
1 18 73
2 18 74
1 18 75
1 18 76
1 18 77
2 18 78
2 18 79
1 18 80
1 18 81
1 18 82
2 18 83
1 18 84
2 18 85
1 18 86
1 18 87
1 18 88
2 18 89
1 18 90
1 18 91
1 18 92
1 18 93
1 18 94
1 18 95
2 18 97
2 18 98
2 18 99
1 18 100
2 18 101
2 18 102
2 18 103
2 18 104
2 18 105
2 18 107
2 18 108
1 18 109
1 18 110
2 18 111
1 18 112
2 18 113
2 18 114
1 18 115
1 18 116
1 18 117
1 18 118
1 18 119
2 18 120
2 19 20
2 19 21
1 19 22
1 19 23
2 19 24
1 19 25
2 19 26
1 19 27
2 19 28
1 19 29
2 19 30
2 19 32
1 19 33
2 19 34
2 19 35
1 19 36
2 19 37
1 19 38
2 19 39
2 19 40
1 19 41
1 19 42
2 19 43
1 19 44
1 19 45
1 19 46
1 19 47
2 19 48
1 19 49
1 19 50
2 19 51
2 19 52
1 19 53
2 19 54
1 19 55
2 19 56
2 19 57
2 19 58
1 19 59
2 19 60
2 19 61
2 19 62
2 19 63
2 19 64
2 19 65
2 19 67
2 19 68
1 19 69
1 19 70
1 19 71
2 19 72
1 19 73
1 19 74
2 19 75
1 19 76
1 19 77
1 19 78
2 19 79
2 19 80
1 19 81
2 19 82
1 19 83
2 19 84
2 19 85
2 19 86
1 19 87
2 19 88
1 19 89
1 19 90
1 19 91
1 19 92
1 19 93
2 19 94
1 19 95
2 19 96
1 19 97
2 19 98
2 19 99
2 19 100
1 19 101
1 19 102
1 19 103
2 19 104
1 19 105
1 19 106
2 19 107
1 19 108
1 19 109
1 19 110
1 19 111
1 19 112
1 19 113
1 19 114
2 19 115
1 19 116
2 19 117
2 19 118
2 19 119
1 19 120
1 20 21
1 20 22
1 20 23
1 20 24
1 20 25
1 20 26
1 20 27
2 20 28
1 20 29
2 20 30
2 20 31
1 20 32
1 20 33
1 20 34
1 20 35
1 20 36
1 20 37
2 20 38
2 20 39
1 20 40
2 20 42
2 20 43
2 20 44
1 20 45
2 20 46
1 20 47
1 20 48
1 20 49
2 20 50
1 20 51
2 20 52
2 20 53
2 20 54
1 20 55
2 20 56
1 20 57
1 20 58
2 20 59
2 20 60
2 20 61
2 20 62
1 20 63
2 20 64
2 20 65
1 20 66
1 20 67
2 20 68
2 20 69
2 20 70
1 20 71
1 20 72
1 20 73
2 20 74
1 20 75
2 20 76
1 20 77
1 20 78
1 20 79
1 20 80
1 20 81
1 20 82
1 20 83
1 20 84
2 20 85
1 20 86
1 20 87
1 20 88
2 20 89
1 20 90
1 20 91
2 20 92
1 20 93
1 20 94
2 20 95
1 20 96
1 20 98
1 20 99
2 20 100
1 20 101
1 20 102
1 20 103
2 20 104
1 20 105
1 20 106
2 20 107
1 20 108
2 20 109
2 20 110
2 20 111
2 20 112
2 20 113
1 20 114
2 20 115
2 20 116
2 20 117
2 20 118
2 20 119
1 20 120
1 21 22
2 21 23
2 21 24
1 21 25
2 21 26
1 21 27
1 21 28
2 21 29
2 21 30
2 21 31
2 21 32
1 21 33
2 21 34
1 21 35
1 21 36
1 21 37
1 21 38
2 21 39
2 21 40
2 21 41
2 21 42
1 21 43
2 21 44
2 21 45
2 21 46
1 21 47
2 21 48
1 21 49
2 21 50
2 21 51
2 21 52
2 21 53
1 21 54
2 21 55
1 21 57
1 21 58
2 21 59
1 21 60
2 21 62
2 21 63
1 21 64
2 21 65
2 21 66
1 21 67
2 21 68
1 21 69
2 21 70
1 21 71
1 21 72
1 21 73
1 21 74
2 21 75
2 21 76
1 21 77
2 21 78
1 21 79
1 21 80
1 21 81
2 21 82
2 21 83
2 21 84
2 21 85
1 21 86
1 21 87
2 21 88
2 21 89
2 21 90
2 21 91
2 21 92
2 21 93
1 21 94
2 21 95
2 21 96
2 21 97
1 21 98
2 21 99
1 21 100
1 21 101
1 21 102
2 21 103
2 21 104
1 21 105
1 21 106
2 21 107
2 21 108
1 21 109
1 21 110
2 21 111
2 21 112
2 21 113
1 21 114
2 21 115
1 21 116
2 21 117
2 21 118
2 21 119
1 21 120
1 22 23
1 22 24
2 22 25
1 22 26
1 22 27
1 22 28
2 22 29
2 22 30
2 22 31
2 22 32
2 22 33
2 22 34
1 22 35
2 22 36
2 22 37
1 22 38
1 22 39
1 22 40
2 22 41
1 22 42
1 22 43
1 22 44
2 22 45
1 22 46
1 22 47
2 22 48
1 22 49
1 22 50
2 22 51
2 22 52
2 22 53
2 22 54
1 22 55
1 22 56
1 22 57
1 22 58
1 22 59
1 22 60
1 22 61
1 22 62
1 22 63
1 22 64
1 22 65
1 22 66
1 22 67
2 22 68
2 22 69
1 22 70
2 22 71
1 22 72
1 22 73
2 22 74
1 22 75
2 22 76
2 22 77
2 22 78
1 22 79
2 22 80
1 22 81
1 22 82
1 22 83
1 22 84
2 22 85
2 22 86
2 22 87
2 22 88
1 22 89
2 22 90
1 22 91
2 22 92
1 22 93
2 22 94
2 22 95
2 22 96
2 22 97
1 22 98
2 22 99
2 22 100
1 22 101
1 22 102
1 22 103
1 22 104
2 22 105
1 22 106
1 22 107
1 22 108
2 22 109
2 22 110
1 22 111
1 22 112
2 22 113
1 22 114
2 22 116
2 22 117
1 22 118
2 22 120
2 23 24
1 23 25
2 23 26
2 23 27
2 23 28
2 23 29
2 23 30
1 23 31
1 23 32
1 23 33
1 23 34
2 23 35
2 23 36
2 23 37
1 23 38
2 23 39
2 23 40
2 23 41
1 23 42
2 23 43
1 23 44
1 23 45
1 23 46
1 23 47
2 23 48
1 23 49
1 23 50
2 23 51
2 23 52
1 23 53
2 23 54
2 23 55
2 23 56
1 23 57
2 23 58
2 23 59
2 23 60
1 23 61
1 23 62
1 23 63
2 23 64
2 23 65
2 23 66
1 23 67
1 23 68
1 23 69
2 23 70
1 23 71
2 23 72
2 23 73
2 23 74
1 23 76
1 23 77
1 23 78
2 23 79
2 23 80
2 23 81
2 23 82
2 23 83
1 23 84
2 23 85
1 23 86
2 23 87
1 23 88
1 23 89
2 23 90
1 23 91
1 23 92
1 23 93
2 23 94
1 23 95
2 23 96
1 23 97
1 23 98
2 23 99
2 23 100
2 23 101
1 23 102
2 23 103
1 23 104
2 23 105
1 23 106
2 23 107
1 23 108
2 23 109
1 23 110
1 23 111
2 23 112
1 23 113
1 23 114
2 23 115
2 23 116
1 23 117
2 23 118
2 23 119
1 23 120
1 24 25
1 24 26
2 24 27
2 24 28
2 24 29
2 24 30
2 24 31
2 24 32
1 24 33
1 24 34
1 24 35
2 24 36
1 24 37
1 24 38
1 24 40
2 24 41
2 24 42
1 24 43
1 24 44
2 24 45
1 24 46
2 24 47
2 24 48
2 24 49
2 24 50
1 24 51
1 24 52
1 24 53
1 24 54
1 24 55
1 24 56
2 24 57
2 24 58
1 24 60
2 24 61
1 24 62
1 24 63
2 24 64
1 24 65
2 24 66
1 24 67
1 24 68
1 24 69
1 24 70
2 24 71
1 24 72
2 24 73
1 24 74
2 24 75
2 24 76
2 24 77
2 24 78
1 24 79
2 24 80
2 24 81
2 24 82
2 24 83
2 24 84
1 24 85
1 24 86
2 24 87
2 24 88
1 24 89
1 24 90
2 24 91
1 24 92
1 24 93
2 24 94
1 24 95
2 24 96
1 24 97
1 24 98
2 24 99
1 24 100
1 24 101
1 24 102
2 24 103
2 24 104
1 24 105
2 24 106
2 24 107
2 24 108
1 24 109
2 24 110
1 24 111
1 24 112
2 24 113
1 24 114
1 24 115
2 24 116
2 24 117
1 24 118
2 24 119
2 24 120
1 25 26
2 25 27
1 25 28
1 25 29
1 25 30
1 25 31
2 25 32
2 25 33
2 25 34
2 25 35
2 25 36
1 25 37
2 25 38
2 25 39
1 25 40
1 25 41
2 25 42
1 25 43
2 25 44
2 25 45
2 25 46
1 25 47
2 25 48
1 25 49
1 25 50
1 25 51
2 25 52
1 25 53
2 25 54
2 25 55
2 25 56
2 25 57
2 25 58
2 25 59
2 25 60
1 25 61
1 25 62
2 25 63
1 25 64
2 25 65
1 25 66
1 25 67
2 25 68
1 25 69
2 25 70
2 25 71
1 25 72
2 25 73
1 25 74
2 25 75
1 25 76
2 25 77
1 25 78
2 25 79
2 25 80
1 25 81
2 25 82
2 25 83
2 25 84
2 25 85
2 25 86
2 25 87
2 25 88
2 25 89
2 25 90
1 25 91
1 25 92
2 25 93
1 25 94
1 25 95
2 25 96
1 25 97
2 25 98
2 25 99
2 25 100
2 25 101
1 25 102
2 25 103
1 25 104
2 25 105
1 25 106
1 25 107
2 25 108
2 25 109
2 25 110
2 25 111
2 25 112
1 25 113
1 25 114
2 25 115
2 25 116
1 25 117
2 25 118
2 25 119
1 25 120
1 26 27
1 26 28
1 26 29
2 26 30
2 26 31
1 26 32
2 26 33
2 26 34
1 26 35
2 26 36
2 26 37
2 26 38
2 26 39
2 26 40
1 26 41
1 26 42
2 26 43
1 26 44
1 26 45
2 26 46
2 26 47
1 26 48
2 26 50
2 26 51
1 26 52
1 26 54
2 26 55
1 26 56
2 26 57
1 26 58
1 26 59
2 26 60
1 26 61
2 26 62
2 26 63
1 26 64
1 26 65
1 26 66
2 26 67
2 26 68
1 26 69
1 26 70
2 26 71
1 26 72
2 26 73
1 26 74
1 26 75
2 26 76
2 26 77
2 26 78
2 26 79
1 26 80
2 26 81
1 26 82
2 26 83
1 26 84
2 26 85
1 26 86
2 26 87
2 26 88
1 26 89
2 26 90
2 26 91
1 26 92
1 26 93
2 26 94
1 26 95
1 26 96
1 26 97
1 26 98
1 26 99
1 26 100
2 26 101
2 26 102
2 26 103
2 26 104
2 26 105
2 26 106
2 26 107
1 26 108
2 26 109
2 26 110
2 26 111
1 26 112
2 26 113
2 26 114
1 26 115
2 26 116
1 26 117
1 26 118
1 26 119
1 26 120
1 27 28
2 27 29
2 27 30
1 27 31
1 27 32
1 27 33
1 27 34
1 27 35
1 27 36
1 27 37
1 27 38
1 27 39
1 27 40
2 27 41
2 27 42
1 27 43
1 27 44
2 27 45
1 27 46
2 27 47
1 27 48
1 27 49
1 27 50
2 27 51
2 27 52
1 27 53
2 27 54
1 27 55
2 27 56
1 27 57
2 27 58
1 27 59
1 27 60
1 27 61
2 27 62
1 27 63
1 27 64
1 27 67
1 27 68
1 27 69
1 27 70
2 27 71
2 27 72
2 27 73
2 27 74
1 27 75
1 27 76
2 27 77
2 27 78
1 27 79
2 27 80
1 27 81
2 27 82
2 27 83
1 27 84
2 27 85
2 27 86
1 27 87
2 27 88
2 27 89
2 27 90
2 27 91
2 27 92
1 27 93
1 27 94
2 27 95
2 27 96
2 27 97
2 27 98
1 27 99
2 27 100
2 27 101
1 27 102
2 27 103
2 27 104
1 27 105
1 27 106
1 27 107
2 27 108
2 27 109
1 27 110
2 27 111
1 27 112
1 27 113
1 27 114
2 27 115
2 27 116
2 27 117
2 27 118
1 27 119
1 27 120
1 28 29
2 28 30
1 28 31
1 28 32
1 28 33
1 28 34
1 28 35
1 28 36
2 28 37
2 28 38
1 28 39
1 28 40
2 28 41
1 28 42
2 28 43
1 28 44
1 28 45
1 28 46
2 28 47
2 28 48
1 28 49
1 28 50
2 28 51
1 28 52
2 28 53
1 28 54
2 28 55
2 28 56
1 28 57
2 28 58
1 28 59
1 28 60
1 28 61
1 28 62
1 28 63
1 28 64
1 28 65
1 28 66
2 28 67
2 28 68
2 28 69
1 28 70
1 28 71
2 28 72
1 28 73
2 28 74
1 28 75
1 28 76
1 28 77
2 28 78
2 28 79
1 28 80
1 28 83
2 28 84
2 28 85
2 28 86
1 28 87
1 28 88
1 28 89
2 28 90
2 28 91
2 28 92
2 28 93
2 28 94
1 28 95
2 28 96
1 28 97
2 28 98
1 28 99
2 28 100
1 28 101
1 28 102
2 28 103
1 28 104
1 28 105
2 28 106
1 28 107
2 28 108
2 28 109
2 28 110
2 28 111
2 28 112
2 28 113
2 28 114
1 28 115
1 28 116
1 28 117
2 28 118
2 28 119
1 28 120
2 29 30
2 29 31
2 29 32
2 29 33
1 29 34
2 29 35
1 29 36
2 29 38
2 29 39
2 29 40
1 29 41
2 29 42
2 29 43
1 29 45
2 29 46
1 29 47
2 29 48
1 29 49
1 29 50
2 29 51
1 29 52
1 29 53
2 29 54
2 29 55
1 29 56
1 29 57
1 29 58
2 29 59
1 29 60
2 29 61
2 29 62
2 29 63
2 29 64
2 29 65
2 29 66
2 29 67
1 29 68
1 29 69
1 29 70
2 29 71
1 29 72
1 29 73
1 29 74
1 29 75
2 29 76
1 29 77
1 29 78
2 29 79
2 29 80
2 29 81
2 29 82
1 29 83
1 29 84
1 29 85
1 29 86
2 29 87
1 29 88
1 29 89
1 29 90
1 29 91
2 29 92
1 29 93
1 29 94
2 29 95
1 29 96
2 29 97
1 29 98
1 29 99
2 29 100
1 29 101
1 29 102
2 29 103
2 29 104
1 29 105
2 29 106
2 29 107
2 29 108
1 29 109
2 29 110
1 29 111
2 29 112
1 29 113
2 29 114
1 29 115
1 29 116
2 29 117
1 29 118
2 29 119
2 29 120
2 30 31
2 30 32
1 30 33
2 30 34
2 30 35
1 30 36
2 30 37
2 30 38
1 30 39
2 30 40
2 30 41
1 30 42
2 30 43
1 30 44
1 30 45
2 30 46
1 30 47
2 30 48
1 30 49
1 30 50
1 30 51
2 30 52
2 30 53
2 30 54
1 30 55
2 30 56
2 30 57
1 30 58
2 30 59
1 30 60
2 30 61
2 30 62
1 30 63
1 30 64
1 30 65
1 30 66
1 30 68
1 30 69
1 30 70
2 30 71
2 30 72
2 30 73
1 30 74
1 30 75
1 30 76
2 30 77
2 30 78
1 30 79
2 30 80
2 30 81
1 30 82
2 30 83
1 30 84
1 30 85
2 30 86
1 30 87
2 30 88
1 30 89
1 30 90
2 30 91
1 30 92
2 30 93
2 30 94
2 30 95
1 30 96
1 30 97
2 30 98
2 30 99
1 30 100
1 30 101
2 30 102
2 30 103
2 30 104
1 30 105
1 30 106
1 30 107
2 30 109
1 30 110
1 30 111
1 30 112
2 30 113
2 30 114
2 30 115
1 30 116
1 30 117
2 30 118
1 30 119
2 30 120
2 31 32
2 31 33
2 31 34
1 31 35
1 31 36
1 31 37
2 31 38
2 31 39
1 31 40
2 31 41
2 31 42
1 31 43
2 31 44
1 31 45
1 31 46
1 31 47
1 31 48
1 31 49
2 31 50
1 31 51
2 31 52
1 31 53
2 31 54
1 31 55
1 31 56
1 31 57
2 31 58
2 31 59
1 31 60
1 31 61
2 31 62
1 31 63
2 31 64
1 31 65
2 31 66
1 31 67
1 31 68
2 31 69
2 31 70
1 31 71
2 31 72
1 31 73
2 31 74
2 31 75
2 31 76
2 31 77
1 31 78
2 31 79
1 31 80
2 31 81
1 31 82
1 31 83
1 31 84
1 31 85
2 31 86
2 31 87
1 31 88
1 31 89
1 31 90
1 31 91
2 31 92
1 31 93
2 31 94
2 31 95
1 31 96
2 31 97
1 31 98
1 31 99
2 31 101
2 31 102
1 31 103
1 31 104
1 31 105
1 31 106
2 31 107
2 31 108
1 31 109
1 31 110
2 31 111
2 31 112
1 31 113
2 31 114
2 31 115
1 31 116
1 31 117
1 31 118
1 31 119
1 31 120
2 32 34
2 32 35
2 32 36
2 32 37
2 32 38
2 32 39
2 32 40
1 32 41
2 32 42
1 32 43
2 32 44
2 32 45
1 32 46
1 32 47
1 32 48
2 32 49
1 32 50
2 32 51
1 32 52
2 32 53
1 32 54
1 32 55
2 32 56
1 32 57
1 32 58
1 32 59
1 32 60
1 32 61
2 32 62
1 32 63
2 32 64
2 32 65
1 32 66
1 32 67
1 32 68
1 32 69
2 32 70
2 32 71
2 32 72
1 32 73
2 32 74
2 32 75
2 32 76
2 32 77
1 32 78
2 32 79
2 32 80
2 32 81
2 32 82
1 32 83
1 32 84
2 32 85
1 32 86
1 32 87
1 32 88
2 32 89
2 32 90
2 32 92
2 32 93
2 32 94
1 32 95
2 32 96
2 32 97
1 32 98
2 32 99
1 32 100
2 32 101
1 32 102
1 32 103
1 32 104
2 32 105
1 32 106
2 32 107
1 32 108
2 32 109
2 32 110
2 32 111
1 32 112
2 32 113
2 32 114
1 32 115
1 32 116
2 32 117
2 32 118
2 32 119
2 32 120
1 33 34
1 33 35
1 33 36
2 33 37
1 33 38
1 33 39
2 33 40
1 33 41
2 33 42
2 33 43
2 33 44
2 33 45
1 33 46
2 33 47
2 33 48
1 33 49
1 33 50
1 33 51
2 33 52
2 33 53
1 33 54
2 33 55
1 33 56
1 33 57
1 33 58
2 33 59
1 33 60
1 33 61
1 33 62
2 33 63
1 33 64
1 33 65
1 33 66
1 33 67
1 33 68
2 33 69
2 33 70
1 33 71
2 33 72
1 33 73
1 33 74
1 33 75
2 33 77
2 33 78
1 33 79
1 33 80
1 33 81
2 33 82
1 33 83
1 33 84
2 33 85
2 33 86
1 33 87
2 33 88
2 33 89
1 33 90
1 33 91
1 33 92
2 33 93
1 33 94
1 33 95
2 33 96
2 33 97
1 33 98
1 33 99
2 33 100
1 33 101
2 33 102
1 33 103
1 33 104
2 33 105
2 33 106
2 33 107
1 33 108
2 33 109
1 33 110
2 33 111
1 33 112
2 33 113
2 33 114
2 33 115
1 33 116
1 33 117
2 33 118
2 33 119
1 33 120
2 34 35
2 34 36
2 34 37
2 34 39
1 34 40
2 34 41
2 34 42
2 34 43
2 34 44
1 34 45
1 34 46
1 34 47
1 34 48
2 34 49
2 34 50
1 34 51
2 34 52
1 34 53
1 34 54
1 34 55
1 34 56
2 34 57
2 34 58
1 34 59
2 34 61
2 34 62
1 34 63
2 34 64
1 34 65
2 34 66
2 34 67
2 34 68
1 34 69
2 34 70
1 34 71
1 34 72
2 34 73
2 34 74
1 34 75
1 34 76
1 34 77
1 34 78
1 34 79
2 34 80
1 34 81
1 34 82
1 34 83
2 34 84
1 34 85
1 34 86
2 34 87
1 34 88
1 34 89
1 34 90
1 34 91
1 34 92
2 34 93
1 34 94
1 34 95
2 34 96
2 34 97
2 34 98
2 34 99
2 34 100
2 34 101
1 34 102
2 34 103
2 34 104
1 34 105
1 34 106
1 34 107
1 34 108
2 34 109
2 34 110
1 34 111
2 34 112
1 34 113
2 34 114
2 34 115
2 34 116
2 34 117
2 34 118
2 34 119
1 34 120
2 35 36
2 35 37
2 35 38
2 35 39
1 35 40
2 35 41
1 35 42
2 35 43
2 35 44
1 35 45
1 35 46
2 35 47
1 35 48
1 35 49
1 35 50
1 35 51
2 35 52
2 35 53
2 35 54
2 35 55
1 35 56
1 35 57
2 35 58
1 35 59
1 35 60
2 35 61
1 35 62
1 35 63
1 35 64
2 35 65
2 35 66
1 35 67
1 35 68
2 35 69
1 35 70
1 35 71
2 35 72
1 35 73
2 35 74
2 35 75
1 35 76
2 35 77
2 35 78
1 35 79
2 35 80
1 35 81
1 35 82
2 35 83
1 35 84
2 35 85
1 35 86
2 35 87
2 35 88
1 35 89
2 35 90
1 35 91
2 35 92
1 35 93
2 35 94
1 35 95
2 35 96
2 35 97
1 35 98
2 35 99
1 35 100
2 35 101
1 35 102
2 35 103
2 35 104
1 35 105
1 35 106
2 35 107
1 35 108
2 35 109
2 35 110
2 35 111
1 35 112
2 35 114
2 35 115
2 35 116
1 35 117
2 35 118
2 35 119
1 35 120
2 36 37
2 36 38
1 36 39
1 36 40
2 36 41
1 36 42
2 36 43
2 36 44
1 36 45
1 36 46
2 36 47
2 36 48
2 36 49
2 36 50
2 36 51
2 36 52
2 36 53
2 36 54
1 36 55
2 36 56
1 36 57
1 36 58
1 36 59
2 36 60
2 36 61
2 36 62
2 36 63
2 36 64
2 36 65
1 36 66
2 36 67
2 36 68
1 36 69
2 36 70
2 36 71
1 36 72
2 36 73
2 36 74
2 36 75
1 36 76
2 36 77
1 36 78
1 36 79
2 36 80
1 36 81
1 36 82
2 36 83
1 36 84
1 36 85
2 36 86
2 36 87
2 36 88
1 36 89
2 36 90
2 36 91
2 36 92
2 36 94
1 36 95
2 36 96
1 36 97
2 36 98
1 36 99
2 36 100
2 36 101
1 36 103
1 36 104
1 36 105
2 36 106
2 36 107
1 36 108
2 36 109
1 36 110
2 36 111
1 36 112
1 36 113
1 36 114
2 36 115
1 36 116
1 36 117
2 36 118
1 36 119
2 36 120
2 37 38
1 37 39
2 37 40
1 37 41
1 37 42
1 37 44
2 37 45
2 37 46
1 37 47
1 37 48
2 37 49
2 37 50
1 37 51
1 37 52
1 37 53
2 37 54
1 37 55
2 37 56
2 37 57
1 37 58
1 37 59
2 37 60
1 37 61
2 37 62
2 37 63
2 37 64
1 37 65
1 37 66
2 37 67
2 37 68
1 37 69
1 37 70
1 37 71
1 37 72
2 37 73
1 37 74
1 37 75
1 37 76
2 37 77
1 37 78
1 37 79
2 37 80
2 37 81
2 37 82
2 37 83
2 37 84
1 37 85
2 37 86
2 37 87
1 37 88
2 37 89
2 37 90
2 37 91
2 37 92
1 37 93
2 37 94
2 37 95
2 37 96
1 37 97
2 37 98
1 37 99
1 37 100
2 37 101
2 37 102
2 37 103
1 37 104
1 37 105
2 37 106
2 37 107
1 37 108
1 37 109
2 37 110
1 37 111
1 37 112
2 37 113
1 37 114
2 37 115
1 37 116
1 37 117
1 37 118
1 37 119
1 37 120
1 38 39
1 38 40
2 38 41
1 38 42
2 38 43
1 38 44
2 38 45
2 38 46
2 38 47
2 38 48
1 38 49
2 38 50
1 38 51
2 38 52
2 38 53
2 38 54
2 38 55
1 38 56
1 38 57
2 38 58
2 38 59
2 38 60
1 38 61
1 38 62
1 38 63
1 38 64
1 38 65
2 38 66
1 38 67
2 38 68
1 38 69
2 38 70
2 38 71
1 38 72
1 38 73
1 38 74
2 38 75
2 38 76
1 38 77
2 38 78
1 38 79
1 38 80
2 38 81
1 38 82
2 38 83
2 38 84
1 38 85
2 38 86
1 38 87
2 38 88
1 38 89
1 38 90
1 38 91
2 38 92
2 38 93
1 38 94
1 38 95
1 38 96
1 38 97
2 38 98
1 38 99
1 38 100
2 38 101
1 38 102
1 38 103
1 38 104
2 38 105
2 38 106
1 38 107
2 38 108
2 38 109
1 38 110
1 38 111
2 38 112
2 38 113
2 38 114
2 38 115
1 38 116
2 38 117
2 38 118
2 38 119
1 38 120
2 39 40
2 39 41
1 39 42
1 39 43
2 39 44
2 39 45
2 39 46
2 39 47
1 39 48
1 39 49
2 39 50
1 39 51
1 39 52
1 39 53
1 39 54
2 39 55
2 39 56
1 39 57
1 39 58
1 39 59
2 39 60
1 39 61
1 39 62
2 39 63
2 39 64
2 39 65
1 39 66
1 39 67
2 39 68
1 39 69
1 39 70
1 39 71
2 39 72
1 39 73
2 39 74
1 39 75
1 39 76
2 39 77
2 39 78
2 39 79
1 39 80
2 39 81
2 39 82
1 39 83
1 39 84
1 39 85
1 39 86
1 39 87
1 39 88
1 39 89
1 39 90
2 39 91
2 39 92
1 39 93
1 39 95
2 39 96
1 39 97
1 39 98
2 39 99
1 39 100
2 39 101
1 39 102
1 39 103
1 39 104
1 39 105
2 39 106
2 39 107
1 39 108
2 39 109
2 39 110
1 39 111
1 39 112
1 39 113
2 39 114
2 39 115
2 39 116
2 39 117
2 39 118
2 39 119
1 39 120
1 40 41
2 40 42
2 40 43
2 40 44
2 40 45
1 40 46
2 40 47
1 40 48
1 40 49
1 40 50
2 40 51
2 40 52
2 40 53
2 40 54
2 40 55
1 40 56
1 40 57
1 40 58
2 40 59
1 40 60
2 40 62
1 40 63
2 40 64
2 40 65
1 40 66
2 40 67
1 40 68
2 40 69
1 40 70
1 40 71
2 40 72
1 40 73
1 40 74
2 40 75
1 40 76
2 40 77
2 40 78
1 40 79
2 40 80
2 40 81
2 40 82
2 40 83
1 40 84
1 40 85
1 40 86
2 40 87
2 40 88
1 40 89
2 40 90
2 40 91
2 40 93
2 40 94
1 40 95
1 40 96
1 40 97
1 40 98
2 40 99
2 40 100
2 40 101
1 40 102
1 40 103
2 40 104
1 40 105
1 40 106
1 40 107
1 40 108
1 40 109
1 40 110
2 40 111
2 40 112
1 40 113
2 40 114
1 40 115
1 40 116
1 40 117
1 40 118
2 40 119
1 40 120
1 41 42
1 41 43
2 41 44
1 41 45
1 41 46
1 41 47
2 41 48
2 41 49
1 41 50
2 41 51
1 41 52
2 41 53
2 41 54
2 41 55
2 41 56
2 41 57
2 41 58
2 41 59
1 41 60
2 41 61
2 41 62
1 41 63
1 41 64
1 41 65
1 41 66
1 41 67
1 41 68
2 41 69
1 41 70
2 41 71
2 41 72
1 41 73
2 41 74
2 41 75
2 41 76
2 41 77
1 41 78
1 41 79
1 41 80
1 41 81
1 41 82
1 41 84
2 41 85
1 41 86
1 41 87
2 41 88
2 41 89
1 41 90
1 41 91
2 41 92
2 41 93
1 41 94
2 41 95
1 41 96
1 41 97
1 41 98
2 41 99
1 41 100
1 41 101
1 41 102
2 41 103
1 41 104
1 41 105
1 41 106
2 41 107
1 41 108
1 41 109
2 41 110
1 41 111
1 41 112
1 41 113
2 41 114
1 41 115
1 41 116
1 41 117
1 41 118
2 41 119
2 41 120
2 42 43
2 42 44
1 42 45
2 42 46
2 42 47
2 42 48
1 42 49
1 42 50
2 42 51
2 42 52
1 42 53
1 42 54
2 42 55
1 42 56
1 42 57
1 42 58
1 42 59
2 42 60
2 42 61
1 42 62
2 42 63
2 42 64
1 42 65
2 42 66
2 42 67
1 42 68
2 42 69
2 42 70
2 42 71
1 42 72
2 42 73
2 42 74
1 42 75
2 42 76
1 42 77
1 42 79
2 42 80
2 42 81
1 42 82
2 42 83
1 42 84
2 42 85
2 42 86
1 42 87
2 42 88
1 42 90
2 42 91
1 42 92
2 42 93
2 42 94
2 42 95
1 42 96
1 42 97
1 42 98
1 42 99
1 42 100
1 42 101
2 42 102
2 42 103
2 42 104
2 42 105
2 42 106
2 42 107
2 42 108
2 42 109
2 42 110
1 42 111
1 42 112
2 42 113
1 42 114
2 42 115
1 42 116
1 42 117
2 42 118
1 42 119
1 42 120
1 43 44
2 43 45
1 43 46
2 43 47
2 43 48
2 43 49
2 43 50
2 43 52
2 43 53
1 43 54
2 43 55
2 43 56
2 43 57
2 43 58
1 43 59
1 43 60
2 43 61
1 43 62
2 43 63
2 43 64
1 43 65
2 43 66
1 43 67
2 43 68
1 43 69
1 43 70
1 43 71
2 43 72
1 43 73
2 43 74
2 43 75
2 43 76
2 43 77
2 43 78
1 43 79
2 43 80
2 43 81
1 43 82
1 43 83
2 43 84
1 43 85
2 43 86
2 43 87
2 43 88
1 43 89
1 43 90
1 43 91
1 43 92
1 43 93
2 43 94
1 43 95
2 43 96
1 43 97
2 43 98
1 43 99
2 43 100
1 43 101
1 43 102
2 43 103
1 43 104
2 43 105
1 43 106
2 43 107
2 43 108
2 43 109
2 43 110
1 43 111
2 43 112
1 43 113
2 43 114
2 43 115
2 43 116
2 43 117
2 43 118
1 43 119
1 43 120
1 44 45
2 44 46
2 44 47
2 44 48
1 44 49
2 44 50
2 44 51
2 44 52
1 44 53
1 44 54
1 44 55
1 44 56
1 44 57
2 44 58
1 44 59
2 44 60
2 44 61
2 44 63
2 44 64
2 44 65
2 44 66
2 44 67
2 44 68
2 44 69
1 44 70
1 44 71
1 44 72
2 44 73
2 44 74
2 44 75
2 44 76
1 44 77
1 44 78
2 44 79
1 44 80
1 44 81
1 44 82
2 44 83
1 44 84
1 44 85
1 44 86
1 44 87
2 44 88
1 44 89
1 44 90
2 44 91
1 44 92
1 44 93
1 44 94
1 44 95
1 44 96
2 44 97
1 44 98
2 44 99
2 44 100
1 44 101
1 44 102
2 44 103
1 44 104
1 44 105
2 44 106
1 44 107
2 44 108
2 44 109
1 44 110
1 44 111
2 44 112
2 44 113
1 44 114
1 44 115
2 44 116
1 44 117
2 44 118
2 44 119
1 44 120
2 45 46
2 45 47
1 45 48
1 45 50
1 45 51
2 45 52
1 45 53
1 45 54
2 45 55
1 45 56
1 45 57
2 45 58
2 45 59
2 45 60
1 45 61
1 45 62
1 45 63
2 45 64
1 45 65
2 45 66
2 45 67
2 45 68
2 45 69
2 45 70
1 45 71
2 45 73
2 45 74
2 45 75
2 45 76
2 45 77
2 45 78
2 45 79
1 45 80
1 45 81
1 45 82
2 45 83
2 45 84
2 45 85
2 45 86
2 45 87
2 45 88
2 45 89
1 45 90
1 45 91
2 45 92
2 45 93
2 45 94
2 45 95
2 45 96
1 45 97
1 45 98
2 45 99
1 45 100
1 45 101
2 45 102
1 45 103
2 45 104
1 45 105
2 45 106
2 45 107
1 45 108
2 45 109
2 45 110
2 45 111
2 45 112
1 45 113
2 45 114
2 45 115
2 45 116
2 45 117
2 45 118
1 45 119
1 45 120
1 46 47
1 46 48
2 46 49
1 46 50
1 46 51
1 46 52
2 46 53
1 46 54
1 46 55
1 46 56
2 46 57
2 46 58
1 46 59
1 46 60
1 46 61
1 46 62
1 46 63
2 46 64
1 46 65
2 46 66
2 46 67
2 46 68
2 46 69
1 46 70
1 46 71
2 46 72
1 46 73
2 46 74
2 46 75
2 46 76
1 46 77
1 46 78
1 46 79
1 46 80
2 46 81
1 46 82
1 46 83
2 46 84
1 46 85
1 46 86
2 46 87
2 46 88
2 46 89
2 46 90
1 46 91
1 46 92
2 46 93
1 46 94
2 46 95
1 46 96
1 46 97
1 46 98
1 46 99
2 46 100
1 46 101
2 46 102
2 46 103
1 46 104
1 46 105
2 46 106
1 46 107
1 46 108
2 46 109
1 46 110
2 46 111
2 46 112
2 46 113
2 46 114
2 46 115
2 46 116
2 46 117
1 46 118
1 46 119
1 46 120
1 47 48
2 47 49
1 47 50
1 47 51
2 47 52
2 47 53
1 47 54
2 47 56
1 47 57
1 47 58
1 47 59
1 47 60
2 47 61
2 47 62
2 47 63
1 47 64
2 47 65
1 47 66
1 47 67
1 47 68
2 47 69
1 47 70
1 47 71
2 47 72
1 47 73
1 47 74
2 47 75
2 47 76
1 47 77
2 47 78
1 47 79
2 47 80
2 47 81
2 47 82
2 47 83
1 47 84
2 47 85
1 47 86
2 47 88
1 47 89
1 47 90
2 47 91
1 47 92
2 47 93
1 47 94
1 47 95
2 47 96
1 47 97
2 47 98
1 47 99
2 47 100
1 47 101
2 47 102
2 47 103
2 47 104
2 47 105
2 47 106
1 47 107
2 47 108
1 47 109
1 47 110
2 47 111
2 47 112
2 47 113
1 47 114
1 47 115
2 47 116
1 47 117
1 47 118
2 47 119
1 47 120
1 48 49
2 48 50
2 48 51
2 48 52
1 48 53
2 48 54
2 48 55
2 48 56
1 48 57
2 48 58
2 48 59
2 48 60
2 48 61
1 48 62
2 48 63
1 48 64
1 48 65
2 48 66
1 48 67
2 48 68
1 48 69
1 48 70
2 48 71
2 48 72
2 48 73
1 48 74
1 48 75
1 48 76
1 48 77
1 48 78
2 48 80
1 48 81
1 48 82
2 48 83
2 48 84
1 48 85
1 48 86
2 48 87
2 48 88
2 48 89
1 48 90
2 48 91
1 48 92
2 48 93
2 48 94
2 48 95
2 48 96
1 48 97
2 48 98
1 48 99
1 48 100
1 48 101
2 48 102
1 48 103
2 48 104
2 48 105
2 48 106
1 48 107
2 48 108
2 48 109
2 48 110
2 48 112
1 48 113
1 48 114
2 48 115
1 48 116
2 48 117
1 48 118
1 48 119
2 48 120
1 49 50
2 49 51
1 49 52
2 49 53
1 49 54
1 49 55
1 49 56
2 49 57
1 49 58
2 49 59
1 49 60
2 49 61
1 49 62
1 49 63
1 49 64
2 49 65
2 49 66
2 49 67
2 49 68
2 49 69
2 49 70
1 49 71
2 49 72
2 49 73
1 49 74
1 49 75
1 49 76
1 49 77
1 49 78
1 49 79
1 49 80
1 49 81
1 49 82
2 49 83
1 49 84
1 49 85
2 49 86
1 49 87
1 49 88
2 49 89
1 49 90
1 49 91
1 49 92
1 49 93
2 49 94
1 49 95
1 49 96
2 49 97
1 49 98
1 49 99
1 49 100
1 49 101
2 49 102
2 49 103
2 49 104
1 49 105
1 49 106
1 49 107
2 49 108
1 49 109
2 49 110
1 49 111
2 49 112
1 49 113
1 49 114
1 49 115
1 49 116
1 49 117
2 49 118
1 49 119
1 49 120
2 50 51
1 50 52
2 50 53
2 50 54
1 50 55
2 50 56
1 50 58
1 50 59
1 50 60
2 50 61
2 50 62
1 50 63
2 50 64
1 50 65
2 50 66
1 50 67
1 50 68
1 50 69
2 50 70
1 50 71
2 50 72
2 50 73
1 50 74
2 50 75
1 50 76
2 50 77
2 50 78
2 50 79
1 50 80
2 50 81
1 50 82
2 50 83
1 50 84
2 50 85
2 50 86
2 50 87
2 50 88
2 50 89
2 50 90
2 50 91
1 50 92
2 50 93
2 50 94
2 50 95
1 50 96
2 50 97
2 50 98
2 50 99
1 50 100
2 50 101
1 50 102
2 50 103
2 50 104
2 50 105
1 50 106
1 50 107
1 50 108
1 50 109
1 50 110
1 50 111
2 50 112
2 50 113
1 50 114
1 50 115
1 50 116
1 50 117
1 50 118
1 50 119
2 50 120
2 51 52
2 51 53
1 51 54
2 51 55
1 51 56
1 51 57
2 51 58
1 51 59
1 51 60
2 51 61
1 51 62
2 51 63
2 51 64
2 51 65
2 51 66
1 51 67
2 51 68
1 51 69
2 51 70
1 51 71
2 51 72
2 51 73
1 51 74
2 51 75
2 51 76
1 51 77
2 51 78
1 51 79
2 51 80
2 51 81
1 51 82
2 51 83
1 51 84
1 51 85
2 51 86
1 51 87
1 51 88
1 51 89
2 51 90
2 51 91
1 51 92
1 51 93
2 51 94
1 51 95
2 51 96
2 51 97
1 51 98
1 51 99
2 51 100
2 51 101
1 51 102
1 51 103
1 51 104
1 51 105
2 51 106
2 51 107
1 51 108
1 51 109
1 51 110
1 51 111
1 51 112
2 51 113
1 51 114
2 51 115
2 51 116
1 51 117
1 51 118
2 51 119
2 51 120
1 52 53
1 52 54
1 52 55
2 52 56
1 52 57
1 52 58
1 52 59
2 52 60
2 52 61
2 52 62
2 52 63
2 52 65
1 52 66
2 52 67
1 52 68
2 52 69
2 52 70
1 52 71
1 52 72
2 52 73
2 52 74
2 52 75
1 52 76
1 52 77
1 52 78
2 52 79
1 52 80
2 52 81
1 52 82
2 52 83
1 52 84
2 52 85
1 52 86
2 52 87
2 52 88
2 52 89
2 52 90
1 52 91
1 52 92
1 52 94
1 52 95
2 52 96
1 52 97
2 52 98
2 52 99
1 52 100
1 52 101
2 52 102
2 52 103
2 52 104
1 52 105
2 52 106
2 52 107
2 52 108
2 52 109
1 52 110
2 52 111
1 52 112
2 52 113
2 52 114
2 52 115
2 52 116
1 52 117
2 52 118
1 52 119
1 52 120
2 53 54
2 53 55
1 53 56
2 53 57
2 53 58
2 53 59
2 53 60
1 53 61
2 53 62
2 53 63
1 53 64
1 53 65
2 53 66
1 53 67
1 53 68
1 53 69
2 53 70
2 53 71
1 53 72
2 53 73
1 53 74
2 53 75
1 53 76
2 53 77
2 53 78
2 53 79
1 53 80
2 53 81
2 53 82
2 53 83
2 53 84
1 53 85
1 53 86
1 53 87
1 53 88
1 53 89
1 53 90
1 53 91
1 53 92
1 53 93
1 53 94
2 53 95
1 53 96
1 53 97
2 53 98
1 53 99
1 53 100
2 53 101
1 53 102
1 53 103
1 53 104
2 53 105
2 53 106
1 53 107
1 53 108
1 53 109
2 53 110
2 53 111
2 53 112
2 53 113
2 53 114
1 53 115
2 53 116
1 53 117
2 53 118
2 53 119
1 53 120
2 54 55
2 54 56
2 54 57
2 54 58
1 54 59
1 54 61
1 54 62
2 54 63
2 54 64
1 54 65
2 54 66
2 54 67
2 54 68
2 54 69
2 54 70
1 54 71
1 54 72
2 54 73
2 54 74
2 54 75
2 54 77
1 54 78
2 54 79
1 54 80
1 54 81
1 54 82
1 54 83
1 54 84
2 54 85
2 54 86
2 54 87
1 54 88
1 54 89
1 54 90
1 54 91
1 54 92
1 54 93
1 54 94
2 54 95
1 54 96
2 54 97
1 54 98
2 54 99
1 54 100
1 54 101
2 54 102
2 54 103
2 54 104
2 54 105
2 54 106
2 54 107
2 54 108
1 54 109
2 54 110
2 54 111
1 54 112
1 54 113
1 54 114
1 54 115
2 54 116
2 54 117
1 54 118
1 54 119
1 54 120
2 55 56
2 55 57
1 55 58
1 55 59
1 55 60
1 55 61
1 55 62
1 55 63
2 55 64
1 55 65
2 55 66
2 55 67
2 55 68
1 55 69
1 55 70
2 55 71
2 55 72
2 55 73
1 55 74
1 55 75
2 55 76
1 55 77
1 55 78
2 55 79
2 55 80
2 55 81
1 55 82
1 55 83
2 55 84
2 55 85
2 55 86
1 55 87
1 55 88
1 55 89
2 55 90
2 55 91
2 55 92
2 55 93
2 55 94
1 55 95
1 55 96
1 55 97
1 55 98
1 55 99
2 55 100
2 55 101
2 55 102
2 55 103
1 55 104
1 55 105
1 55 106
1 55 107
1 55 108
2 55 109
1 55 110
2 55 111
2 55 112
2 55 113
1 55 114
1 55 115
2 55 116
1 55 117
1 55 118
1 55 119
1 55 120
2 56 57
1 56 58
1 56 59
2 56 60
1 56 61
1 56 62
2 56 63
2 56 64
1 56 65
2 56 66
1 56 67
1 56 68
1 56 69
1 56 70
1 56 71
1 56 72
1 56 73
1 56 74
2 56 75
1 56 76
2 56 77
2 56 78
1 56 79
2 56 80
2 56 81
1 56 82
2 56 83
1 56 84
1 56 85
1 56 86
1 56 87
1 56 88
2 56 89
2 56 90
1 56 91
2 56 92
1 56 93
2 56 94
2 56 95
2 56 96
1 56 97
2 56 98
1 56 99
2 56 100
2 56 101
2 56 102
1 56 103
2 56 104
1 56 105
1 56 106
2 56 107
2 56 108
1 56 109
2 56 110
1 56 111
2 56 112
2 56 113
2 56 114
2 56 115
1 56 117
1 56 118
2 56 119
1 56 120
1 57 58
1 57 59
2 57 60
2 57 61
1 57 62
2 57 63
2 57 64
2 57 65
1 57 66
2 57 67
2 57 68
2 57 69
1 57 70
2 57 71
2 57 72
2 57 73
1 57 74
1 57 75
1 57 76
1 57 77
1 57 78
2 57 79
2 57 80
1 57 81
2 57 82
1 57 83
2 57 84
2 57 85
1 57 86
1 57 87
1 57 88
2 57 89
1 57 90
1 57 91
1 57 92
1 57 93
1 57 94
1 57 95
2 57 96
1 57 97
1 57 98
1 57 99
2 57 100
1 57 101
2 57 102
2 57 103
1 57 104
1 57 105
2 57 106
2 57 107
1 57 108
1 57 109
2 57 110
1 57 111
2 57 112
1 57 113
2 57 115
1 57 116
2 57 117
2 57 118
1 57 119
1 57 120
2 58 59
1 58 60
2 58 61
2 58 62
1 58 63
2 58 64
2 58 65
1 58 66
1 58 67
1 58 68
1 58 69
1 58 70
1 58 71
1 58 72
2 58 73
1 58 74
2 58 75
1 58 76
1 58 77
1 58 78
1 58 79
2 58 80
1 58 81
2 58 82
2 58 83
1 58 84
2 58 85
1 58 86
1 58 87
2 58 88
1 58 89
2 58 90
1 58 91
2 58 92
1 58 93
1 58 94
2 58 95
2 58 96
1 58 97
2 58 98
2 58 99
2 58 100
2 58 101
1 58 102
1 58 103
1 58 104
1 58 105
2 58 106
1 58 107
2 58 108
2 58 109
1 58 110
2 58 111
1 58 112
2 58 113
1 58 114
1 58 115
2 58 116
2 58 117
1 58 118
2 58 119
2 58 120
1 59 60
2 59 61
1 59 62
2 59 63
2 59 65
1 59 66
2 59 67
1 59 68
1 59 69
1 59 70
1 59 71
1 59 72
2 59 73
1 59 74
1 59 75
1 59 76
1 59 77
1 59 78
1 59 79
1 59 80
1 59 81
1 59 82
1 59 83
2 59 84
2 59 85
1 59 86
2 59 87
2 59 88
2 59 89
1 59 90
1 59 91
2 59 92
1 59 93
2 59 94
1 59 95
1 59 96
1 59 97
2 59 98
2 59 99
2 59 100
1 59 101
2 59 102
1 59 103
1 59 104
2 59 105
2 59 106
2 59 107
1 59 108
1 59 109
1 59 110
2 59 111
1 59 112
1 59 113
1 59 114
1 59 115
1 59 116
1 59 117
2 59 118
1 59 119
2 59 120
2 60 61
1 60 62
2 60 63
1 60 64
2 60 65
1 60 66
1 60 67
1 60 68
1 60 69
1 60 70
1 60 71
1 60 72
1 60 73
2 60 74
2 60 75
1 60 76
2 60 77
1 60 78
2 60 79
2 60 80
2 60 81
1 60 82
2 60 83
2 60 84
2 60 85
1 60 86
2 60 87
1 60 88
2 60 89
1 60 90
1 60 91
1 60 92
2 60 93
1 60 94
2 60 95
2 60 96
1 60 97
1 60 98
2 60 99
1 60 100
1 60 101
2 60 102
2 60 103
1 60 104
2 60 105
1 60 106
1 60 107
1 60 108
1 60 109
2 60 110
1 60 111
2 60 112
2 60 113
2 60 114
1 60 115
1 60 116
1 60 117
2 60 118
2 60 119
1 60 120
1 61 62
2 61 63
1 61 64
1 61 65
1 61 66
1 61 67
1 61 68
2 61 69
1 61 70
1 61 71
1 61 72
2 61 73
1 61 74
1 61 75
2 61 76
1 61 77
1 61 78
2 61 79
1 61 80
1 61 81
2 61 82
1 61 83
2 61 84
1 61 85
2 61 86
1 61 87
2 61 88
1 61 89
2 61 90
1 61 91
2 61 92
2 61 93
1 61 94
1 61 95
2 61 96
2 61 97
2 61 98
2 61 99
2 61 100
2 61 101
1 61 102
1 61 103
2 61 104
2 61 105
2 61 106
1 61 107
1 61 108
2 61 109
1 61 110
2 61 111
1 61 112
2 61 113
2 61 114
2 61 115
1 61 116
1 61 117
1 61 118
1 61 119
2 61 120
2 62 63
1 62 64
1 62 65
1 62 66
2 62 67
1 62 68
2 62 69
1 62 70
2 62 71
2 62 72
1 62 73
2 62 74
1 62 75
1 62 76
1 62 77
2 62 78
2 62 79
2 62 80
2 62 81
1 62 82
1 62 83
1 62 84
2 62 85
1 62 86
1 62 87
2 62 88
1 62 89
2 62 90
1 62 91
1 62 92
2 62 93
1 62 94
2 62 95
2 62 96
2 62 97
2 62 98
1 62 99
2 62 100
2 62 101
1 62 102
2 62 103
2 62 104
2 62 105
1 62 106
2 62 107
1 62 108
1 62 109
2 62 110
1 62 111
1 62 112
2 62 113
1 62 114
1 62 115
1 62 116
2 62 117
1 62 118
2 62 119
1 62 120
1 63 64
2 63 65
2 63 66
1 63 67
1 63 68
2 63 70
2 63 72
1 63 73
2 63 74
2 63 75
1 63 76
1 63 77
1 63 78
1 63 79
1 63 80
1 63 81
2 63 82
2 63 83
2 63 84
2 63 85
1 63 86
2 63 87
2 63 88
2 63 89
1 63 90
2 63 91
1 63 92
1 63 93
2 63 94
1 63 95
1 63 96
2 63 97
2 63 98
1 63 99
2 63 100
1 63 101
2 63 102
1 63 103
1 63 104
2 63 105
2 63 106
1 63 107
1 63 108
1 63 109
2 63 110
2 63 111
2 63 112
1 63 113
2 63 114
1 63 115
2 63 116
1 63 117
1 63 118
1 63 119
1 63 120
2 64 65
1 64 66
1 64 67
1 64 68
2 64 69
1 64 70
1 64 71
1 64 72
2 64 73
2 64 74
2 64 75
2 64 76
1 64 77
1 64 78
2 64 79
2 64 80
2 64 81
2 64 82
2 64 83
2 64 84
1 64 85
2 64 86
2 64 87
1 64 88
1 64 89
2 64 90
2 64 91
2 64 92
1 64 93
2 64 94
1 64 95
1 64 96
1 64 97
2 64 98
2 64 99
2 64 100
2 64 101
1 64 102
2 64 103
1 64 104
2 64 105
1 64 106
2 64 107
2 64 108
2 64 109
1 64 110
1 64 111
1 64 112
1 64 113
2 64 114
1 64 115
1 64 116
1 64 117
2 64 118
1 64 119
2 64 120
2 65 66
1 65 68
1 65 69
1 65 70
1 65 71
2 65 72
2 65 73
1 65 74
1 65 75
1 65 76
1 65 77
1 65 78
2 65 79
2 65 80
1 65 81
2 65 82
2 65 83
2 65 84
2 65 85
2 65 86
1 65 87
2 65 88
1 65 89
2 65 90
1 65 91
1 65 92
2 65 93
2 65 94
1 65 95
1 65 96
2 65 97
1 65 98
2 65 99
1 65 100
2 65 101
1 65 102
2 65 103
2 65 104
1 65 105
2 65 106
2 65 107
2 65 108
2 65 109
2 65 110
2 65 111
1 65 112
2 65 113
1 65 114
2 65 115
1 65 116
2 65 117
1 65 118
2 65 119
2 65 120
1 66 67
1 66 68
2 66 69
2 66 70
1 66 71
1 66 72
2 66 73
2 66 74
1 66 75
2 66 76
2 66 77
1 66 78
1 66 79
1 66 80
2 66 81
2 66 82
1 66 83
2 66 84
1 66 85
1 66 86
1 66 87
1 66 88
1 66 89
2 66 90
1 66 91
2 66 92
2 66 93
2 66 94
1 66 95
2 66 96
2 66 97
1 66 98
2 66 99
2 66 100
2 66 101
2 66 102
2 66 103
2 66 104
2 66 105
1 66 106
1 66 107
2 66 108
2 66 109
1 66 110
2 66 111
1 66 112
2 66 113
2 66 114
2 66 115
1 66 116
1 66 117
2 66 118
1 66 119
1 66 120
1 67 68
2 67 69
1 67 70
1 67 71
1 67 72
1 67 73
2 67 74
2 67 75
2 67 76
2 67 77
1 67 78
1 67 79
1 67 80
2 67 81
2 67 82
1 67 83
1 67 84
2 67 85
2 67 86
2 67 87
2 67 88
2 67 89
1 67 90
2 67 91
2 67 92
2 67 93
2 67 94
1 67 95
1 67 96
1 67 97
2 67 98
2 67 99
1 67 100
2 67 101
2 67 102
1 67 103
1 67 104
1 67 105
2 67 106
2 67 107
1 67 108
1 67 109
2 67 110
1 67 111
2 67 112
1 67 113
2 67 114
1 67 115
1 67 116
1 67 117
2 67 118
1 67 119
1 67 120
2 68 69
1 68 70
2 68 71
1 68 72
1 68 73
1 68 74
2 68 75
2 68 76
2 68 77
1 68 78
2 68 79
1 68 80
2 68 81
2 68 82
1 68 83
2 68 84
1 68 85
2 68 86
2 68 87
1 68 88
1 68 89
2 68 90
2 68 91
1 68 92
2 68 93
2 68 94
2 68 95
1 68 96
1 68 97
2 68 98
2 68 99
1 68 100
1 68 102
2 68 103
2 68 104
1 68 106
1 68 107
1 68 108
1 68 109
1 68 110
2 68 111
1 68 112
2 68 113
1 68 114
2 68 115
2 68 116
2 68 117
1 68 118
2 68 119
2 68 120
1 69 70
2 69 71
1 69 72
1 69 73
1 69 74
2 69 75
1 69 76
1 69 77
2 69 78
1 69 79
2 69 80
1 69 81
1 69 82
2 69 83
1 69 84
2 69 85
1 69 86
2 69 87
1 69 88
1 69 89
2 69 90
2 69 91
1 69 92
2 69 93
2 69 94
1 69 95
2 69 96
2 69 97
1 69 98
2 69 99
2 69 100
1 69 101
2 69 102
1 69 103
1 69 104
2 69 105
2 69 106
1 69 107
2 69 108
1 69 109
2 69 110
1 69 111
2 69 112
1 69 113
1 69 114
1 69 115
1 69 116
2 69 117
1 69 118
2 69 120
1 70 71
1 70 72
2 70 73
2 70 74
2 70 75
2 70 76
2 70 77
1 70 78
2 70 79
2 70 80
2 70 81
2 70 82
2 70 83
2 70 84
2 70 85
1 70 86
1 70 87
1 70 88
1 70 89
2 70 90
1 70 91
2 70 92
1 70 93
1 70 94
2 70 95
1 70 96
1 70 97
2 70 98
1 70 99
1 70 100
2 70 101
2 70 102
2 70 103
1 70 104
1 70 105
2 70 106
1 70 107
2 70 108
1 70 109
2 70 110
2 70 111
2 70 112
1 70 113
2 70 114
2 70 116
1 70 117
1 70 118
1 70 119
2 71 72
1 71 73
2 71 74
2 71 75
1 71 76
1 71 77
2 71 78
2 71 79
1 71 80
2 71 81
2 71 82
2 71 83
1 71 84
1 71 85
2 71 86
1 71 87
2 71 88
2 71 89
2 71 90
2 71 91
2 71 92
2 71 93
2 71 94
1 71 95
2 71 96
1 71 97
2 71 98
1 71 99
2 71 100
1 71 101
1 71 102
2 71 103
2 71 104
2 71 105
2 71 106
1 71 107
2 71 108
2 71 109
2 71 110
1 71 111
2 71 112
2 71 113
1 71 114
2 71 115
2 71 116
1 71 117
1 71 118
1 71 119
2 71 120
2 72 73
2 72 74
2 72 75
2 72 76
2 72 77
2 72 78
1 72 79
2 72 80
1 72 81
2 72 82
1 72 83
2 72 84
2 72 85
1 72 86
2 72 87
2 72 88
1 72 89
1 72 90
2 72 91
2 72 92
2 72 93
2 72 94
1 72 95
2 72 96
2 72 97
1 72 98
2 72 99
1 72 100
1 72 101
1 72 102
1 72 103
2 72 104
2 72 105
1 72 106
1 72 107
2 72 108
2 72 109
1 72 110
1 72 111
2 72 112
1 72 113
2 72 114
2 72 115
1 72 116
2 72 117
1 72 119
1 72 120
2 73 74
2 73 75
1 73 76
1 73 77
2 73 78
1 73 79
1 73 81
2 73 82
2 73 83
2 73 84
1 73 85
2 73 86
1 73 87
1 73 88
2 73 89
2 73 90
2 73 91
2 73 92
2 73 93
2 73 94
2 73 95
2 73 96
2 73 97
1 73 98
1 73 99
1 73 100
1 73 101
2 73 102
2 73 103
2 73 104
2 73 105
2 73 106
1 73 107
1 73 108
2 73 109
2 73 110
2 73 111
1 73 112
2 73 113
1 73 114
2 73 115
2 73 116
2 73 117
2 73 118
2 73 119
2 73 120
1 74 75
1 74 76
1 74 77
2 74 78
2 74 79
1 74 80
2 74 81
2 74 82
2 74 83
1 74 84
1 74 85
2 74 86
1 74 87
2 74 88
2 74 89
2 74 90
1 74 91
1 74 92
2 74 93
1 74 94
2 74 95
2 74 96
1 74 97
2 74 98
2 74 99
2 74 100
2 74 101
1 74 102
1 74 103
1 74 104
1 74 105
2 74 106
1 74 107
1 74 109
2 74 110
2 74 111
2 74 112
2 74 113
2 74 114
1 74 115
1 74 116
1 74 117
2 74 118
2 74 119
2 74 120
1 75 76
2 75 77
2 75 78
1 75 79
1 75 80
1 75 81
1 75 82
1 75 83
2 75 84
1 75 85
1 75 86
2 75 87
1 75 88
1 75 89
1 75 90
2 75 91
1 75 92
1 75 93
1 75 94
1 75 95
1 75 96
2 75 97
1 75 98
2 75 99
2 75 100
1 75 101
1 75 102
2 75 103
2 75 104
2 75 105
2 75 106
2 75 107
2 75 108
2 75 109
1 75 110
1 75 111
2 75 112
1 75 113
2 75 114
2 75 115
2 75 116
2 75 117
2 75 118
1 75 119
1 75 120
2 76 77
1 76 78
2 76 79
1 76 80
1 76 81
1 76 82
2 76 83
2 76 84
1 76 85
1 76 86
2 76 87
1 76 88
1 76 89
1 76 90
2 76 91
1 76 92
2 76 93
1 76 94
1 76 95
1 76 96
2 76 97
2 76 98
2 76 99
1 76 100
2 76 101
2 76 102
2 76 103
1 76 104
2 76 105
2 76 106
1 76 107
2 76 108
2 76 109
1 76 110
1 76 111
1 76 112
1 76 113
2 76 114
1 76 115
2 76 116
2 76 117
1 76 118
1 76 119
1 76 120
2 77 78
1 77 79
1 77 80
1 77 81
1 77 82
2 77 83
1 77 84
1 77 85
2 77 86
2 77 87
2 77 89
1 77 90
1 77 91
2 77 92
1 77 93
2 77 94
1 77 95
1 77 96
2 77 97
2 77 98
2 77 99
2 77 100
1 77 101
1 77 102
2 77 103
1 77 104
2 77 105
1 77 106
2 77 107
2 77 108
2 77 109
1 77 110
2 77 111
2 77 112
1 77 113
1 77 114
2 77 115
1 77 116
1 77 117
2 77 118
2 77 119
1 77 120
1 78 79
1 78 80
2 78 81
2 78 82
1 78 83
1 78 84
2 78 85
2 78 86
1 78 87
1 78 88
1 78 89
1 78 90
1 78 91
1 78 92
1 78 93
2 78 94
1 78 95
1 78 96
1 78 97
1 78 98
2 78 99
1 78 100
2 78 101
1 78 102
1 78 103
2 78 104
1 78 105
1 78 106
1 78 107
2 78 108
1 78 109
1 78 110
1 78 111
1 78 112
2 78 113
1 78 114
2 78 115
1 78 116
1 78 117
1 78 118
1 78 119
2 78 120
2 79 80
2 79 81
1 79 82
1 79 83
1 79 84
1 79 85
2 79 86
1 79 87
2 79 88
2 79 89
2 79 90
2 79 92
1 79 93
2 79 94
2 79 95
2 79 96
1 79 97
1 79 98
1 79 99
1 79 100
2 79 101
2 79 102
1 79 103
1 79 104
2 79 105
2 79 106
2 79 107
2 79 108
2 79 109
1 79 110
1 79 111
2 79 112
2 79 113
1 79 114
1 79 115
1 79 116
1 79 117
1 79 118
2 79 119
1 79 120
2 80 81
1 80 82
1 80 83
1 80 84
1 80 85
2 80 86
2 80 87
2 80 88
1 80 89
1 80 90
2 80 91
1 80 92
2 80 93
2 80 94
2 80 96
1 80 97
2 80 98
2 80 99
1 80 100
2 80 101
1 80 102
1 80 103
1 80 104
2 80 105
1 80 106
1 80 107
2 80 108
2 80 109
1 80 110
1 80 111
1 80 112
1 80 113
1 80 114
2 80 115
2 80 116
2 80 117
1 80 118
1 80 119
2 80 120
2 81 82
1 81 83
2 81 84
2 81 85
1 81 86
2 81 87
1 81 88
2 81 89
2 81 90
2 81 91
1 81 92
2 81 93
2 81 94
1 81 95
1 81 96
1 81 97
1 81 98
2 81 99
2 81 100
2 81 101
2 81 102
1 81 103
1 81 104
2 81 105
2 81 106
1 81 108
1 81 109
2 81 110
2 81 111
1 81 112
1 81 113
2 81 114
1 81 115
2 81 116
2 81 117
1 81 118
1 81 119
1 81 120
1 82 83
1 82 84
1 82 85
1 82 86
1 82 87
1 82 88
1 82 89
1 82 90
2 82 91
2 82 92
1 82 93
2 82 94
1 82 95
1 82 96
1 82 97
1 82 98
1 82 99
1 82 100
2 82 101
1 82 102
1 82 103
1 82 104
1 82 105
2 82 106
1 82 107
2 82 108
1 82 109
2 82 110
2 82 111
1 82 112
1 82 113
1 82 114
2 82 115
1 82 116
1 82 117
1 82 118
1 82 119
2 82 120
1 83 84
1 83 85
2 83 86
2 83 87
2 83 88
1 83 89
1 83 90
1 83 91
1 83 92
2 83 93
1 83 94
2 83 95
2 83 96
2 83 97
2 83 98
2 83 99
2 83 101
1 83 102
2 83 103
2 83 104
2 83 105
1 83 106
1 83 107
2 83 108
2 83 109
2 83 110
2 83 111
1 83 112
2 83 113
1 83 114
1 83 115
1 83 116
1 83 117
2 83 118
2 83 119
2 83 120
2 84 85
2 84 86
1 84 88
2 84 89
1 84 90
1 84 91
1 84 92
1 84 93
1 84 94
1 84 95
2 84 96
1 84 97
2 84 98
1 84 99
1 84 100
1 84 101
2 84 102
2 84 103
1 84 104
1 84 105
1 84 106
2 84 107
1 84 108
1 84 109
1 84 111
2 84 112
1 84 113
2 84 114
2 84 115
1 84 116
2 84 117
1 84 118
1 84 119
1 84 120
1 85 86
2 85 87
2 85 88
2 85 89
2 85 90
1 85 91
2 85 92
1 85 93
1 85 94
2 85 95
1 85 96
1 85 97
2 85 98
1 85 99
2 85 100
1 85 101
1 85 102
2 85 103
2 85 104
1 85 105
1 85 106
1 85 107
2 85 108
1 85 109
2 85 110
2 85 111
2 85 112
1 85 113
2 85 114
2 85 115
1 85 117
1 85 118
1 85 119
2 85 120
2 86 87
1 86 88
1 86 89
2 86 90
2 86 91
2 86 92
2 86 93
2 86 94
2 86 95
1 86 96
1 86 97
1 86 98
2 86 99
1 86 100
1 86 101
1 86 102
2 86 103
1 86 104
1 86 105
2 86 106
2 86 107
1 86 108
2 86 109
2 86 110
2 86 111
2 86 113
1 86 114
2 86 115
1 86 116
2 86 117
1 86 118
1 86 119
2 86 120
2 87 88
2 87 89
2 87 90
2 87 91
1 87 92
1 87 93
2 87 94
1 87 95
2 87 96
2 87 97
2 87 98
2 87 99
1 87 100
1 87 101
1 87 102
1 87 103
1 87 104
2 87 105
1 87 106
1 87 107
2 87 108
2 87 109
2 87 110
1 87 111
1 87 112
2 87 113
2 87 114
2 87 115
1 87 116
2 87 117
1 87 118
2 87 119
2 87 120
1 88 89
1 88 90
2 88 91
1 88 92
1 88 93
2 88 94
2 88 96
2 88 97
1 88 98
1 88 99
1 88 100
2 88 101
1 88 102
1 88 103
2 88 104
2 88 105
1 88 106
1 88 107
2 88 108
2 88 109
2 88 110
2 88 111
2 88 112
1 88 113
2 88 114
2 88 115
1 88 116
1 88 117
1 88 118
2 88 119
2 88 120
1 89 91
1 89 92
2 89 93
2 89 94
2 89 95
1 89 96
2 89 97
2 89 98
1 89 99
1 89 100
2 89 101
2 89 102
1 89 103
2 89 104
1 89 105
1 89 106
1 89 107
1 89 108
2 89 109
2 89 110
2 89 111
2 89 112
1 89 113
2 89 114
2 89 115
1 89 116
1 89 117
1 89 118
2 89 119
1 89 120
2 90 91
1 90 92
1 90 93
2 90 94
2 90 95
2 90 96
2 90 97
1 90 98
2 90 99
2 90 100
1 90 101
2 90 102
2 90 103
2 90 104
1 90 105
1 90 106
1 90 107
2 90 108
2 90 110
1 90 111
2 90 112
2 90 113
2 90 114
1 90 115
1 90 116
1 90 117
2 90 118
2 90 119
2 90 120
1 91 92
1 91 93
2 91 94
1 91 95
2 91 96
1 91 97
1 91 98
1 91 99
2 91 100
1 91 101
1 91 102
2 91 103
2 91 104
2 91 105
2 91 106
1 91 107
1 91 108
2 91 109
2 91 110
2 91 111
2 91 112
2 91 113
2 91 114
1 91 115
2 91 116
1 91 117
1 91 118
1 91 119
1 91 120
1 92 93
1 92 94
2 92 95
2 92 96
1 92 97
1 92 98
1 92 100
1 92 101
1 92 102
1 92 103
1 92 104
2 92 105
1 92 106
2 92 107
1 92 108
1 92 109
1 92 110
1 92 111
2 92 112
1 92 113
2 92 114
2 92 115
1 92 116
1 92 117
1 92 118
2 92 119
1 92 120
2 93 94
1 93 95
1 93 96
2 93 97
1 93 98
1 93 99
2 93 100
2 93 101
1 93 102
1 93 103
1 93 104
1 93 105
2 93 106
2 93 107
1 93 108
1 93 109
2 93 110
2 93 111
1 93 112
2 93 113
2 93 114
2 93 115
1 93 116
2 93 117
2 93 118
1 93 119
2 93 120
2 94 95
2 94 96
1 94 97
1 94 98
2 94 99
2 94 100
2 94 101
2 94 102
2 94 103
1 94 105
2 94 106
1 94 107
1 94 108
2 94 109
2 94 110
1 94 111
1 94 112
2 94 113
1 94 114
2 94 115
2 94 116
2 94 117
1 94 118
1 94 119
1 94 120
2 95 96
1 95 97
2 95 98
2 95 99
2 95 100
1 95 101
2 95 102
1 95 103
2 95 104
1 95 105
1 95 106
1 95 107
2 95 108
2 95 109
1 95 110
2 95 111
1 95 112
1 95 113
2 95 114
2 95 115
1 95 116
1 95 117
1 95 118
1 95 119
1 95 120
2 96 97
1 96 98
2 96 99
1 96 100
2 96 101
2 96 102
2 96 103
1 96 104
1 96 105
2 96 106
1 96 107
2 96 108
1 96 109
1 96 110
1 96 111
1 96 112
1 96 113
2 96 114
2 96 115
2 96 116
1 96 117
1 96 118
2 96 119
2 96 120
2 97 98
2 97 99
2 97 100
2 97 101
1 97 102
2 97 103
1 97 104
1 97 106
2 97 107
2 97 108
1 97 109
1 97 110
1 97 111
2 97 112
1 97 113
1 97 114
2 97 115
1 97 116
2 97 117
1 97 118
2 97 119
1 97 120
1 98 99
2 98 100
2 98 102
2 98 103
2 98 104
1 98 105
2 98 106
2 98 107
1 98 108
2 98 109
1 98 111
2 98 112
1 98 113
2 98 114
1 98 115
1 98 116
2 98 117
2 98 118
2 98 119
2 98 120
2 99 100
2 99 101
1 99 102
2 99 103
1 99 104
2 99 105
1 99 106
2 99 107
1 99 108
1 99 109
1 99 110
2 99 111
1 99 112
2 99 113
2 99 114
2 99 115
2 99 116
1 99 117
2 99 118
2 99 119
2 99 120
2 100 101
2 100 102
1 100 103
1 100 104
2 100 105
1 100 106
2 100 107
2 100 108
1 100 109
1 100 110
2 100 111
1 100 112
1 100 113
1 100 114
1 100 115
2 100 116
1 100 117
1 100 118
2 100 119
1 100 120
2 101 102
2 101 103
2 101 104
1 101 105
1 101 106
1 101 107
2 101 108
1 101 109
2 101 110
2 101 111
1 101 112
1 101 113
1 101 114
1 101 115
2 101 116
1 101 117
1 101 118
2 101 119
2 101 120
2 102 103
1 102 104
1 102 105
2 102 106
1 102 107
2 102 108
2 102 109
1 102 110
1 102 111
1 102 112
2 102 113
1 102 114
1 102 115
1 102 116
1 102 117
2 102 118
1 102 119
1 102 120
2 103 104
2 103 105
2 103 106
2 103 107
1 103 108
1 103 109
1 103 110
1 103 111
2 103 112
1 103 114
1 103 115
2 103 116
1 103 117
1 103 118
2 103 119
2 104 105
2 104 107
2 104 108
2 104 109
2 104 110
2 104 111
2 104 112
1 104 113
1 104 114
2 104 115
1 104 116
2 104 117
1 104 118
2 104 119
2 104 120
2 105 106
1 105 107
2 105 108
2 105 109
1 105 110
1 105 111
2 105 112
1 105 113
1 105 114
1 105 115
2 105 116
2 105 117
2 105 118
1 105 119
2 105 120
2 106 107
2 106 108
2 106 109
2 106 110
2 106 111
2 106 112
1 106 113
2 106 114
2 106 115
1 106 116
1 106 117
2 106 118
2 106 119
1 106 120
1 107 108
2 107 109
1 107 110
1 107 111
2 107 112
1 107 113
2 107 114
2 107 115
2 107 116
1 107 117
2 107 118
1 107 119
2 107 120
2 108 109
2 108 110
2 108 111
2 108 112
1 108 113
2 108 114
1 108 115
2 108 116
1 108 117
2 108 118
2 108 119
2 108 120
2 109 110
2 109 111
2 109 112
1 109 113
2 109 114
1 109 115
2 109 116
2 109 118
1 109 119
1 109 120
2 110 111
1 110 112
1 110 113
2 110 114
2 110 115
1 110 116
1 110 117
2 110 118
1 110 119
2 110 120
1 111 112
1 111 113
2 111 114
2 111 115
2 111 116
1 111 117
1 111 118
1 111 119
2 111 120
1 112 113
1 112 114
1 112 115
2 112 116
2 112 117
1 112 118
1 112 119
1 112 120
2 113 114
1 113 115
1 113 116
1 113 117
2 113 118
2 113 119
2 113 120
1 114 115
1 114 116
1 114 117
2 114 118
1 114 119
1 114 120
1 115 116
1 115 117
1 115 118
2 115 119
1 115 120
1 116 117
2 116 118
2 116 119
2 116 120
2 117 119
1 117 120
1 118 119
1 118 120
1 119 120
